	1061160750	-1.8743607	5.073313	7.912687
	1061160763	-1.8911201	5.197812	8.006061
	1061160763	-2.0168157	5.3462524	8.189218
	1061160765	-2.1030068	5.4922986	8.431031
	1061160781	-1.8887259	5.577293	8.666861
	1061160782	-1.795352	5.659893	8.732701
	1061160782	-1.7738042	5.6060233	8.71235
	1061160785	-1.7187376	5.6467247	8.402301
	1061160799	-1.8743607	5.910087	8.314913
	1061160800	-2.6536734	7.2005615	9.69517
	1061160800	-2.1461027	6.6283474	8.319701
	1061160817	-1.4553753	5.895722	7.0759134
	1061160817	-0.86161333	5.291186	6.5803137
	1061160817	-0.6652888	5.076905	6.272659
	1061160828	-0.5467758	5.073313	6.030844
	1061160829	-0.43185413	5.0625396	5.959018
	1061160829	-0.26066872	5.1367598	6.04521
	1061160834	0.055365913	5.1523223	6.3540616
	1061160845	0.28999767	5.127183	6.5240498
	1061160846	0.48512512	5.019444	6.8245225
	1061160849	0.69820905	4.9320555	7.0160584
	1061160866	0.9208698	4.8279076	7.260267
	1061160866	1.1159973	4.787206	7.306954
	1061160866	1.3518262	4.7417164	7.4793363
	1061160869	1.622371	4.7141833	7.4302554
	1061160880	1.8174983	4.620809	7.5607395
	1061160880	1.9958664	4.4843397	7.712771
	1061160883	2.1598692	4.357447	7.9797244
	1061160895	2.2723968	4.211401	8.305336
	1061160896	2.3621793	4.1216183	8.614188
	1061160900	2.4148517	4.024653	8.963741
	1061160912	2.4735096	4.0521865	9.093028
	1061160913	2.5752633	4.048595	9.093028
	1061160913	2.6387095	3.976769	9.055919
	1061160918	2.7907414	3.9145198	8.919449
	1061160931	2.8709471	3.8271315	8.6596775
	1061160931	2.894889	3.9193082	8.249072
	1061160933	2.8601732	3.8486793	8.016835
	1061160946	2.7919385	3.799598	7.881562
	1061160946	2.7632082	3.7816415	7.8683944
	1061160948	2.7715878	3.8426938	7.869591
	1061160965	2.8781297	4.0557775	7.9222636
	1061160965	3.001431	4.2676644	7.960571
	1061160965	2.977489	4.5322237	8.21675
	1061160967	2.7644053	4.8159366	8.545954
	1061160981	2.5441387	5.044583	8.889522
	1061160981	2.3202808	5.207389	9.255835
	1061160982	2.0952258	5.0302176	9.628133
	1061160995	1.8761563	4.734534	10.093804
	1061160995	1.6211739	4.525041	10.559477
	1061160997	1.3913305	4.459201	11.002404
	1061161002	1.1148002	4.4843397	11.506384
	1061161012	1.0453683	4.602853	11.806856
	1061161012	0.90171623	4.793192	12.080992
	1061161017	0.8777742	4.865018	12.115708
	1061161032	0.82031333	4.9548006	12.180351
	1061161032	0.8466496	4.915296	12.118102
	1061161033	0.9771336	4.947618	12.012757
	1061161048	1.0980407	4.973954	11.865514
	1061161048	1.3099276	5.0158525	12.010364
	1061161048	1.4511855	5.1259856	11.997195
	1061161051	1.7157447	5.1487308	12.058248
	1061161061	1.9970635	5.140351	12.0989485
	1061161063	2.310704	5.161899	12.101343
	1061161066	2.6159647	4.9907136	12.091766
	1061161079	2.9032688	4.997896	12.194716
	1061161079	3.081637	5.0026846	12.391041
	1061161081	3.2432454	4.9464207	12.596943
	1061161100	3.43957	4.9164934	12.848333
	1061161100	3.5425208	4.830302	13.163172
	1061161100	3.5497034	4.8542438	13.416957
	1061161101	3.3868976	4.9069166	13.677925
	1061161113	2.9260137	5.5126495	14.157962
	1061161113	2.4651299	5.7257333	13.896995
	1061161117	2.2711997	5.756858	13.39062
	1061161129	2.253243	5.577293	13.097331
	1061161129	2.2149358	5.497087	12.79207
	1061161130	2.0820577	5.4192758	12.617293
	1061161135	1.7875708	5.4899044	12.661586
	1061161145	1.4894928	5.7149596	12.637644
	1061161145	1.1387422	5.9543796	12.551453
	1061161150	0.827496	6.1076083	12.447305
	1061161164	0.54737437	6.1902084	12.227038
	1061161165	0.43484688	6.223727	11.969662
	1061161165	0.32471362	6.1112	11.57821
	1061161181	0.22176293	6.0764837	11.286118
	1061161181	0.085293435	5.9639564	10.973674
	1061161182	0.06015432	5.839458	10.654048
	1061161185	0.052971713	5.85502	10.259005
	1061161199	0.07930793	5.8741736	9.911845
	1061161199	0.06494272	5.9412117	9.398289
	1061161199	-0.6976105	6.8641763	8.915857
	1061161213	-1.297358	7.5225816	8.581866
	1061161213	-0.9262568	6.673837	8.040777
	1061161214	-0.6832453	5.997475	7.3380785
	1061161228	-0.46776715	5.4671597	6.990919
	1061161228	-0.15292963	5.0242324	6.5527806
	1061161229	0.042197805	4.7668557	6.1361895
	1061161234	0.15352818	4.6339774	5.7602997
	1061161247	0.038606502	4.6255975	5.482572
	1061161247	-0.21877018	4.617218	5.33892
	1061161249	-0.62099606	4.784812	5.2156186
	1061161265	-0.9250597	4.7644615	5.0432363
	1061161265	-1.165677	4.6040497	4.9163437
	1061161265	-1.3811551	4.4316673	4.836138
	1061161268	-1.6445173	4.280833	4.9199347
	1061161279	-1.9737201	4.1024647	5.0157027
	1061161280	-2.2167315	3.9205053	5.127033
	1061161283	-2.54354	3.8247373	5.1677346
	1061161297	-2.755427	3.715801	5.4741926
	1061161298	-3.101389	3.558981	5.4155345
	1061161298	-3.6891656	3.3842041	5.2982187
	1061161314	-4.069844	3.205836	5.2503347
	1061161314	-4.284125	3.0669725	5.198859
	1061161314	-4.334403	2.8993783	5.1821
	1061161318	-4.4493246	2.8203697	5.1761146
	1061161330	-4.6851535	2.7665	5.0468273
	1061161331	-4.984429	2.669535	4.4674306
	1061161334	-5.110124	2.60968	4.1310453
	1061161348	-5.1711764	2.4732103	3.7527616
	1061161348	-5.211878	2.421735	3.3589153
	1061161348	-5.19033	2.303222	2.748394
	1061161353	-5.082591	2.1404164	2.3282115
	1061161364	-5.011962	1.9560628	2.025345
	1061161365	-5.092168	1.8327614	1.8900726
	1061161367	-5.336376	1.7681179	1.8385973
	1061161381	-5.638046	1.7776948	1.8481741
	1061161383	-5.8235965	1.7836803	2.1235073
	1061161383	-5.8379617	1.650802	2.6741736
	1061161401	-5.709872	1.5179238	3.4223616
	1061161401	-5.4908023	1.3443443	4.3417354
	1061161402	-5.3495445	1.2318168	5.2623057
	1061161402	-5.3148284	1.1947067	6.3265285
	1061161408	-5.2920837	1.3359646	7.1800613
	1061161420	-5.260959	1.5227122	7.7630496
	1061161420	-5.0610433	1.8339585	7.9916954
	1061161421	-4.9928083	2.4061728	7.628974
	1061161426	-5.0670285	3.0454245	6.9777513
	1061161431	-5.2813096	3.7600937	6.2056212
	1061161445	-5.697901	4.380192	5.1785088
	1061161445	-6.188712	4.859032	3.8688803
	1061161446	-6.630442	5.407305	2.5796027
	1061161451	-7.0111203	5.816713	1.8062755
	1061161464	-7.294833	6.117185	1.8242321
	1061161464	-7.396587	6.247669	2.9064112
	1061161466	-7.3499	6.303933	5.204845
	1061161480	-7.2601175	6.253655	8.529194
	1061161480	-7.223007	6.1327477	12.431743
	1061161481	-7.2996216	6.021417	16.336685
	1061161486	-7.373842	5.9687448	18.71293
	1061161496	-7.217022	5.947197	18.71293
	1061161497	-6.8471174	5.8119245	18.71293
	1061161500	-6.578967	5.7903767	18.71293
	1061161513	-6.29286	5.9567738	18.71293
	1061161513	-5.806837	6.123171	18.71293
	1061161515	-5.296872	6.35062	18.71293
	1061161528	-4.808455	6.6415157	18.71293
	1061161529	-4.3152494	7.04015	18.71293
	1061161530	-3.8316205	7.395689	18.340633
	1061161535	-3.2582092	7.7213006	17.308731
	1061161548	-2.6117747	7.917625	16.595259
	1061161548	-1.9677346	7.953538	16.234932
	1061161552	-1.3248913	7.9272017	15.838692
	1061161566	-0.72394675	7.7967176	15.726164
	1061161566	-0.19123685	7.6351094	15.607652
	1061161567	0.32830492	7.4483614	15.727362
	1061161577	0.77841485	7.193379	15.730952
	1061161578	1.2261306	6.927623	15.855452
	1061161579	1.6451159	6.6905966	15.752501
	1061161584	1.9862896	6.4368114	15.626805
	1061161595	2.2688055	6.181829	15.496321
	1061161595	2.466327	5.969942	15.161133
	1061161599	2.560898	5.777209	14.74933
	1061161620	2.5776575	5.603629	14.288446
	1061161620	2.607585	5.3606176	13.7305975
	1061161621	2.6830022	5.088876	13.029096
	1061161621	2.6746225	4.867412	12.188731
	1061161635	2.692579	4.675876	11.1831665
	1061161636	2.70455	4.4005427	10.005219
	1061161636	2.739266	4.0904937	8.562713
	1061161646	2.6458921	3.843891	7.3129396
	1061161646	2.571672	3.6092591	6.146963
	1061161648	2.5154083	3.4093432	5.0037317
	1061161662	2.5704749	3.2130187	3.970634
	1061161662	2.6387095	2.9879637	3.0500634
	1061161663	2.7105355	2.80361	2.2180781
	1061161668	2.8027124	2.5390508	1.5572785
	1061161680	2.916437	2.2840683	1.301099
	1061161680	2.9990368	1.8495208	1.2879308
	1061161683	3.0912137	1.5107412	1.5967829
	1061161699	3.1714194	1.1336545	2.1306899
	1061161699	3.3102832	0.79487497	2.892046
	1061161699	3.5413237	0.47524905	3.7036803
	1061161703	3.8286278	0.16160862	4.3417354
	1061161715	4.0393176	-0.17956513	4.766706
	1061161715	4.2057147	-0.51116204	5.1198506
	1061161717	4.2535987	-0.7086837	5.1042886
	1061161729	4.318242	-0.9816227	4.980987
	1061161729	4.333804	-1.0378864	4.553622
	1061161732	4.410419	-1.0977415	3.994576
	1061161745	4.4535146	-0.985214	3.2691329
	1061161745	4.5025954	-0.9504981	2.5197477
	1061161747	4.518158	-0.7230489	1.7033249
	1061161752	4.724059	-1.0618285	0.9886557
	1061161764	4.777929	-1.2413936	0.19138649
	1061161764	5.5572414	-1.5263035	-0.06120178
	1061161769	6.184522	-1.4820108	0.064493805
	1061161783	6.3497224	-1.0283096	0.3506009
	1061161783	6.5089364	-0.58298814	1.0030209
	1061161783	6.676531	-0.31244332	2.1965303
	1061161797	6.666954	-0.15562311	3.7743094
	1061161797	6.419154	-0.009576807	5.6860795
	1061161798	6.1378355	0.2681506	7.8121305
	1061161801	5.7511716	0.6871359	9.807697
	1061161814	5.4052095	1.2497733	11.456105
	1061161814	5.158607	1.9895816	12.6639805
	1061161816	4.8916535	2.7102363	13.232603
	1061161834	4.610335	3.5326445	13.285275
	1061161835	4.384083	4.545392	12.646024
	1061161835	4.1925464	5.590461	11.554268
	1061161846	3.9818566	6.767211	10.390686
	1061161846	3.8489785	7.6865845	9.314492
	1061161847	3.781941	8.404845	8.451383
	1061161851	3.726874	9.141062	8.156896
	1061161863	3.5916018	9.753978	8.471733
	1061161863	3.5365353	10.157401	9.269002
	1061161865	3.43957	10.232818	10.511593
	1061161879	3.4359787	10.102334	12.144439
	1061161879	3.3964744	9.886856	13.876643
	1061161880	3.273173	9.557653	15.556176
	1061161885	2.9942484	9.38168	16.79757
	1061161901	2.5620952	9.277532	17.566109
	1061161901	2.2316952	9.320627	17.776798
	1061161901	1.8713679	9.497798	17.619978
	1061161915	1.6618752	9.79827	17.175854
	1061161916	1.4511855	9.983821	16.378584
	1061161916	1.2416929	10.1143055	15.45921
	1061161930	1.1471219	10.238804	14.527866
	1061161930	1.1064205	10.234015	13.421745
	1061161932	1.1447277	10.244789	12.375479
	1061161935	1.0525509	10.229227	11.41301
	1061161948	0.8310873	10.271125	10.6815815
	1061161948	0.5342063	10.266336	10.049512
	1061161950	0.12360066	10.192117	9.723901
	1061161967	-0.42108023	10.104729	9.49286
	1061161967	-1.0040684	10.016143	9.628133
	1061161967	-1.5547347	9.862914	9.932196
	1061161982	-1.9701288	9.643845	10.481666
	1061161982	-2.2634184	9.385271	10.95452
	1061161982	-2.5602994	9.144653	11.427375
	1061161987	-2.9038675	8.899248	11.951705
	1061161998	-3.2761657	8.718486	12.157606
	1061161998	-3.681983	8.34499	11.905018
	1061161999	-3.9860466	8.009802	11.663204
	1061162013	-4.229058	7.6841903	11.237036
	1061162013	-4.480449	7.1646485	10.522367
	1061162014	-4.6863503	6.704962	9.662848
	1061162018	-4.773739	6.172252	8.562713
	1061162030	-4.7893014	5.6156	7.402722
	1061162030	-4.724658	5.0362034	6.216395
	1061162033	-4.522348	4.459201	5.05401
	1061162049	-4.3547535	3.916914	3.938312
	1061162049	-4.1775827	3.4883518	2.760365
	1061162049	-4.0351276	3.072958	1.6674118
	1061162063	-4.002806	2.6491842	0.70853406
	1061162063	-4.0195656	2.256535	-0.11387422
	1061162064	-3.9728785	1.7549498	-0.8632594
	1061162068	-3.716699	1.436521	-1.4438533
	1061162080	-3.4844613	1.2904748	-1.8843864
	1061162080	-3.4748845	1.0785879	-2.0292356
	1061162083	-3.4389715	0.88944596	-1.9801544
	1061162097	-3.409044	0.770933	-1.8125603
	1061162097	-3.4724903	0.6679823	-1.6090531
	1061162097	-3.6029742	0.545878	-1.5647604
	1061162103	-3.553893	0.4429273	-1.558775
	1061162116	-3.491644	0.30765492	-1.465401
	1061162117	-3.492841	0.2837129	-1.3792099
	1061162117	-3.4365773	0.1436521	-1.1780969
	1061162131	-3.601777	0.008379706	-0.8141782
	1061162131	-3.869928	-0.22505496	-0.39639002
	1061162132	-4.0674496	-0.37469256	0.30032268
	1061162150	-4.284125	-0.50637364	1.1335049
	1061162150	-4.4792523	-0.5255273	2.180968
	1061162151	-4.683956	-0.51355624	3.4702458
	1061162152	-4.9712605	-0.35434186	4.742764
	1061162163	-5.2549734	-0.21906945	5.926697
	1061162163	-5.4955907	-0.11971009	6.8700123
	1061162166	-5.6990976	0.12928689	7.577499
	1061162179	-5.9169703	0.6392518	8.055142
	1061162179	-6.194698	1.4197617	8.126968
	1061162181	-6.4640455	2.4145525	7.8217072
	1061162196	-6.839935	3.478775	7.1728787
	1061162196	-7.256526	4.4340615	6.597073
	1061162196	-7.691074	5.409699	6.1936502
	1061162203	-8.063372	6.1938	6.0416183
	1061162217	-8.329128	6.919243	6.48694
	1061162217	-8.379407	7.4387846	7.6924205
	1061162218	-8.080132	7.577648	9.680805
	1061162230	-7.5689692	7.6375036	12.332383
	1061162231	-7.0123177	7.6255326	15.396961
	1061162231	-6.471228	7.7368627	18.426825
	1061162236	-5.83437	7.703344	18.71293
	1061162246	-5.214272	7.5201874	18.71293
	1061162247	-4.6312838	7.3406224	18.71293
	1061162250	-4.061464	7.369353	18.71293
	1061162263	-3.6652236	7.562086	18.71293
	1061162263	-3.4772787	8.002619	18.71293
	1061162265	-3.3240497	8.483853	18.71293
	1061162280	-3.1863832	8.815451	18.71293
	1061162280	-3.0463223	9.167398	17.843836
	1061162280	-2.792537	9.299079	16.795176
	1061162285	-2.3603835	9.436746	16.012272
	1061162301	-1.913865	9.451111	15.487941
	1061162302	-1.510442	9.296685	15.279646
	1061162302	-1.0543466	9.041702	15.289223
	1061162318	-0.61022216	8.737639	15.544205
	1061162318	-0.21637598	8.283937	15.671098
	1061162318	0.081702136	7.9631147	15.6734915
	1061162320	0.32471362	7.654263	15.412524
	1061162328	0.5856816	7.394492	14.950443
	1061162329	0.8442554	7.1969705	14.446464
	1061162334	1.0561422	6.884527	13.955652
	1061162345	1.0788871	6.730101	13.357101
	1061162345	1.0621277	6.5098343	12.695105
	1061162349	1.0046669	6.2823853	12.121694
	1061162365	1.0262147	6.1207767	11.521946
	1061162365	1.0010756	5.8478374	10.701932
	1061162366	0.99149877	5.590461	9.824457
	1061162370	0.9460089	5.279215	9.084649
	1061162385	0.9531916	4.921282	8.366388
	1061162385	0.8837597	4.5621514	7.747487
	1061162385	1.0226234	4.0785227	7.356035
	1061162396	1.2165537	3.6236243	7.08549
	1061162396	1.4236522	3.1519666	7.067534
	1061162398	1.5696985	2.6264393	7.2566757
	1061162412	1.8426375	2.1284454	7.711574
	1061162412	2.0413563	1.6089035	8.21316
	1061162413	2.2352865	1.1623849	8.561516
	1061162433	2.5118167	0.78529817	8.717138
	1061162433	2.7715878	0.45968673	8.603415
	1061162434	2.9595325	0.1340753	8.246678
	1061162434	3.0888195	-0.07182605	7.735516
	1061162453	3.1965585	-0.24420857	6.9238815
	1061162453	3.2623992	-0.3890578	5.9219084
	1061162453	3.2899325	-0.51116204	4.7834654
	1061162453	3.452738	-0.61890113	3.556437
	1061162463	3.64188	-0.7158663	2.286313
	1061162463	3.892074	-0.724246	0.8581717
	1061162467	4.1003695	-0.7086837	-0.6250363
	1061162481	4.306271	-0.7110779	-1.844882
	1061162481	4.267964	-0.7182605	-3.0874727
	1061162482	4.3146505	-0.7422025	-3.756652
	1061162502	4.3086653	-0.80205756	-3.7470753
	1061162502	4.2895117	-0.85473	-3.1868322
	1061162502	4.318242	-0.91219085	-2.2746413
	1061162503	4.342184	-1.0103531	-1.2235867
	1061162514	4.309862	-1.1468226	-0.31498715
	1061162514	4.2751465	-1.2210429	0.80310506
	1061162517	4.2164884	-1.1563994	1.7452234
	1061162528	4.1590276	-1.091756	2.678962
	1061162529	4.2045174	-0.997185	3.6186862
	1061162532	4.273949	-0.8607155	4.587141
	1061162545	4.352958	-0.5793968	5.597494
	1061162545	4.343381	-0.2765303	6.738331
	1061162546	4.3792944	0.25019407	7.486519
	1061162551	4.4187984	0.8499416	7.9438114
	1061162563	4.485836	1.4736311	8.166472
	1061162563	4.6749783	2.1392193	8.136545
	1061162566	4.8916535	2.8419175	7.9569798
	1061162580	5.0472765	3.763685	7.7175593
	1061162580	5.2005053	4.747702	7.4913073
	1061162583	5.232827	5.8634	7.439832
	1061162599	5.2735286	6.7947445	7.748684
	1061162599	5.0628386	7.538144	8.300548
	1061162599	4.6989202	8.038532	9.2007675
	1061162601	4.210503	8.412027	10.64926
	1061162613	3.8154597	8.702923	12.644827
	1061162613	3.7340567	9.0237465	14.770878
	1061162616	3.9004538	9.172187	16.798767
	1061162630	4.0967784	9.187749	18.423233
	1061162630	4.3230305	8.974665	18.71293
	1061162631	4.3828855	8.760384	18.71293
	1061162648	4.3050737	8.684967	18.71293
	1061162648	4.259584	8.653842	18.66026
	1061162648	4.101567	8.831013	17.704971
	1061162650	3.9231987	9.109938	16.865805
	1061162664	3.6682162	9.367314	16.078112
	1061162665	3.3246484	9.5385	15.446043
	1061162665	3.1331122	9.698911	14.92291
	1061162680	2.9631238	9.870096	14.472799
	1061162680	2.6279356	10.079589	14.250139
	1061162680	2.2149358	10.301053	14.108881
	1061162685	1.7504607	10.377667	14.112473
	1061162696	1.2871827	10.509348	14.041843
	1061162697	0.7604583	10.488997	13.862278
	1061162700	0.28161797	10.474632	13.589339
	1061162714	-0.07152677	10.323798	13.440899
	1061162714	-0.37798458	10.217256	13.418154
	1061162715	-0.6772598	10.081984	13.545047
	1061162730	-0.9178771	9.894038	13.698276
	1061162730	-1.1261727	9.700109	13.94009
	1061162730	-1.2638392	9.454702	13.995156
	1061162734	-1.3284826	9.169792	13.91495
	1061162748	-1.3380594	8.930372	13.652785
	1061162748	-1.4948797	8.684967	13.231406
	1061162749	-1.5283985	8.289924	12.647221
	1061162765	-1.6900071	7.9750857	11.905018
	1061162765	-1.8803462	7.5908165	11.136479
	1061162765	-2.0958242	7.177817	10.370335
	1061162769	-2.306514	6.7121444	9.500043
	1061162780	-2.5471313	6.220136	8.532785
	1061162780	-2.7793689	5.771223	7.482928
	1061162783	-2.9074588	5.3007627	6.546795
	1061162796	-2.981679	4.8506527	5.514894
	1061162796	-2.958934	4.3897686	4.516512
	1061162800	-2.9002762	3.8989575	3.59235
	1061162814	-2.9038675	3.5098996	2.7890954
	1061162814	-2.9972413	3.098097	2.249203
	1061162815	-3.0810382	2.7257986	1.7536031
	1061162818	-3.2246904	2.4253263	1.3298295
	1061162829	-3.2893338	2.1296425	1.0975919
	1061162829	-3.3120787	1.9177556	0.97069913
	1061162833	-3.2845454	1.6699557	0.8605659
	1061162848	-3.3132758	1.3862427	0.83303255
	1061162849	-3.2773628	1.0845734	0.6402993
	1061162849	-3.2222962	0.8475474	0.37214872
	1061162864	-3.2043397	0.6943185	-0.05641338
	1061162864	-3.15885	0.533907	-0.40955812
	1061162865	-3.1732152	0.45489833	-0.8261492
	1061162867	-3.2007484	0.30047232	-1.0535984
	1061162881	-3.2582092	0.21667525	-1.2834418
	1061162881	-3.3922846	0.09816227	-1.5156794
	1061162882	-3.6101568	0.10414778	-1.629404
	1061162897	-3.871125	0.051475335	-1.3732243
	1061162897	-4.2350435	0.05626374	-0.6609493
	1061162897	-4.3990464	0.061052144	0.5541081
	1061162902	-4.3870754	0.06344634	1.9810523
	1061162913	-4.4170027	-0.075417355	3.4690487
	1061162913	-4.53791	-0.050278235	4.918738
	1061162917	-4.7689505	0.03232172	6.3025866
	1061162930	-5.032313	0.19632454	7.613412
	1061162931	-5.2453966	0.4237737	8.645312
	1061162931	-5.43813	0.8595184	9.447371
	1061162948	-5.580585	1.4281414	9.753828
	1061162948	-5.606921	2.0937295	9.670031
	1061162949	-5.6129065	3.0226796	9.090634
	1061162951	-5.6512136	4.003105	7.9450088
	1061162964	-5.83437	4.984728	6.751499
	1061162964	-6.1480107	5.9364233	5.371242
	1061162966	-6.306028	6.879739	4.2854714
	1061162980	-6.3227873	7.60997	3.7958572
	1061162981	-6.162376	8.112753	4.172944
	1061162981	-5.8870425	8.285135	5.528062
	1061162986	-5.474043	8.141483	7.795371
	1061162996	-4.976049	7.973889	10.986842
	1061162996	-4.512771	7.807492	14.317177
	1061163000	-4.1704	7.577648	17.80074
	1061163012	-3.9357684	7.3765354	18.71293
	1061163012	-3.8890815	7.2005615	18.71293
	1061163017	-4.0889974	7.2268977	18.71293
	1061163030	-4.3774986	7.4256167	18.71293
	1061163030	-4.594174	7.690176	18.71293
	1061163030	-4.8168344	8.1343	18.71293
	1061163035	-5.11611	8.632295	18.71293
	1061163047	-5.3998227	9.14226	18.71293
	1061163048	-5.6212864	9.494206	18.71293
	1061163050	-5.608118	9.787497	18.194586
	1061163063	-5.2657475	9.876082	17.130363
	1061163063	-4.853945	9.849746	16.377388
	1061163065	-4.379893	9.68694	15.878196
	1061163080	-3.896264	9.436746	15.501109
	1061163080	-3.3611598	9.070433	15.276054
	1061163081	-2.757821	8.717288	14.921713
	1061163084	-2.069488	8.327033	14.53026
	1061163097	-1.4146739	7.973889	14.155568
	1061163097	-0.6988076	7.6051817	13.637223
	1061163099	-0.09427169	7.277176	13.025505
	1061163113	0.41210195	7.0700774	12.400618
	1061163114	0.69940615	6.9132576	11.858332
	1061163114	0.9651626	6.704962	11.259781
	1061163119	1.1495161	6.3901243	10.786926
	1061163129	1.3518262	6.129156	10.279355
	1061163129	1.503858	5.793968	9.727492
	1061163134	1.4739305	5.4312468	9.1133795
	1061163149	1.4763247	5.0661306	8.478915
	1061163149	1.3901334	4.689044	7.935432
	1061163149	1.3721769	4.268862	7.281815
	1061163162	1.3925276	3.8750155	6.738331
	1061163163	1.4487913	3.4823663	6.1697083
	1061163163	1.491887	3.0813377	5.625027
	1061163168	1.5577275	2.6970682	5.124639
	1061163178	1.5685014	2.3558946	4.5620017
	1061163180	1.6271594	2.066196	4.086753
	1061163183	1.7133505	1.6938977	3.816208
	1061163197	1.7624317	1.364695	3.8114195
	1061163198	1.9419968	1.0067618	4.11668
	1061163198	2.084452	0.6380547	4.5141177
	1061163203	2.3035214	0.31483752	4.8660655
	1061163221	2.4507647	-0.019153614	5.3856072
	1061163221	2.5908256	-0.29688102	5.5759463
	1061163221	2.6231472	-0.5434838	5.596297
	1061163223	2.6841993	-0.6655881	5.314978
	1061163227	2.7691936	-0.78888947	4.733187
	1061163235	2.9020717	-0.8690952	4.006547
	1061163248	3.0289645	-1.0163386	3.2056863
	1061163248	3.258808	-1.0977415	2.3389854
	1061163248	3.4742858	-1.0570401	1.3382092
	1061163252	3.7891235	-0.9660604	0.6678326
	1061163263	4.1219177	-0.9900024	0.16624738
	1061163263	4.6247	-1.0450691	0.12554595
	1061163267	5.2244473	-1.1384429	0.4739023
	1061163280	5.732018	-1.1683705	1.0365397
	1061163280	6.143821	-1.2018893	1.6901568
	1061163282	6.410774	-1.1324574	2.4120085
	1061163297	6.5640035	-1.1109096	3.0991445
	1061163298	6.6956844	-1.0414777	3.828179
	1061163298	6.640618	-0.9888053	4.7236104
	1061163302	6.4814034	-0.8738836	5.518485
	1061163317	6.228815	-0.5530606	6.2319574
	1061163317	5.964256	-0.053869538	6.750302
	1061163318	5.588366	0.47764325	7.073519
	1061163330	5.230433	1.0761937	7.2399163
	1061163330	4.890456	1.6998832	7.1118264
	1061163331	4.688146	2.4624364	6.811354
	1061163346	4.622306	3.3626564	6.445041
	1061163347	4.5648446	4.369418	5.9243026
	1061163347	4.4630914	5.297171	5.4897547
	1061163351	4.408025	6.0920463	5.3377233
	1061163365	4.172196	6.7444663	5.738752
	1061163365	3.8836944	7.2699933	6.7479076
	1061163366	3.5796309	7.6363063	8.144924
	1061163380	3.1702223	7.908048	10.031555
	1061163380	2.9691093	7.991845	12.261754
	1061163381	2.892495	7.929596	14.676307
	1061163385	2.8398225	7.7320743	16.95439
	1061163395	2.6889877	7.607576	18.71293
	1061163397	2.4842834	7.417237	18.71293
	1061163400	2.38253	7.3071036	18.71293
	1061163413	2.205359	7.2987237	18.71293
	1061163413	2.1897967	7.442376	18.71293
	1061163415	2.2807765	7.6135616	18.71293
	1061163431	2.3633764	7.961918	18.343027
	1061163432	2.3885155	8.286332	17.19381
	1061163432	2.3968952	8.602366	15.894956
	1061163435	2.3621793	8.844181	14.527866
	1061163448	2.3514054	9.095572	13.256545
	1061163449	2.2795794	9.238028	12.175563
	1061163451	2.2496517	9.424775	11.463288
	1061163464	2.110788	9.623494	10.78932
	1061163464	1.8306664	9.809045	10.405051
	1061163464	1.4930841	9.998186	10.100987
	1061163469	1.1938088	10.06283	10.185982
	1061163478	0.8670003	10.196905	10.371532
	1061163479	0.519841	10.207679	10.55828
	1061163484	0.11522096	10.189722	10.713903
	1061163496	-0.27623102	10.19451	10.70672
	1061163496	-0.5419874	10.104729	10.830022
	1061163499	-0.75148004	9.950302	10.949732
	1061163517	-0.9537901	9.776723	10.955717
	1061163517	-1.0675147	9.592369	10.862344
	1061163517	-1.3105261	9.3661175	10.76059
	1061163519	-1.4446014	9.124303	10.543915
	1061163537	-1.5954362	8.831013	10.261399
	1061163537	-1.7678187	8.500613	9.984869
	1061163537	-1.8707694	8.173804	9.512013
	1061163550	-2.0192099	7.8769236	9.018808
	1061163550	-2.1760302	7.4507556	8.543559
	1061163550	-2.330456	6.9958572	7.891139
	1061163570	-2.5004444	6.50744	7.294983
	1061163570	-2.695572	6.1423244	6.7119946
	1061163570	-2.8619688	5.7640405	5.950639
	1061163570	-2.9613283	5.306748	5.282656
	1061163595	-3.0151978	4.8614264	4.766706
	1061163596	-3.1540616	4.3957543	4.2172365
	1061163596	-3.314473	3.9516299	3.7360022
	1061163596	-3.516783	3.6272156	3.3960254
	1061163597	-3.7681742	3.2956185	3.0835822
	1061163598	-3.9656959	2.9640217	2.653823
	1061163620	-4.159626	2.6527755	2.4335563
	1061163620	-4.360739	2.349909	2.0792146
	1061163621	-4.570232	2.055422	1.6674118
	1061163621	-4.7234607	1.8171991	1.3274353
	1061163635	-4.7474027	1.520318	0.81986445
	1061163636	-4.841974	1.2856863	0.30870238
	1061163636	-4.918588	1.0785879	-0.30181906
	1061163646	-4.882675	0.8439561	-0.88839847
	1061163647	-4.8012724	0.6607997	-1.534833
	1061163647	-4.7150807	0.45130703	-2.0615573
	1061163652	-4.633678	0.3172317	-2.2411225
	1061163661	-4.669591	0.18555063	-2.0316298
	1061163662	-4.8156376	0.16639702	-1.524059
	1061163668	-5.098153	0.12689269	-0.72918403
	1061163681	-5.5039706	0.16400282	0.4667197
	1061163681	-5.7996545	0.14844051	2.036119
	1061163682	-6.022315	0.22984336	3.769521
	1061163698	-6.2868743	0.45370123	5.4490533
	1061163699	-6.5873466	0.8858546	6.8376904
	1061163699	-7.0470333	1.553837	7.818116
	1061163701	-7.541436	2.327164	8.202385
	1061163713	-7.8933835	3.098097	8.191611
	1061163713	-8.081328	3.7325604	7.758261
	1061163716	-8.2716675	4.3646297	7.097461
	1061163730	-8.411729	4.9176903	6.4917283
	1061163730	-8.532636	5.3007627	6.357653
	1061163731	-8.614038	5.603629	6.7898064
	1061163736	-8.558971	5.7257333	8.019229
	1061163750	-8.347085	5.756858	9.735871
	1061163751	-7.8395143	5.693412	11.870302
	1061163751	-7.115268	5.675455	14.338724
	1061163763	-6.3359556	5.6563015	16.655115
	1061163763	-5.661988	5.695806	18.661455
	1061163765	-5.1532197	5.8562174	18.71293
	1061163778	-4.8192286	6.1100025	18.71293
	1061163778	-4.419397	6.364985	18.71293
	1061163780	-4.085406	6.695385	18.71293
	1061163785	-3.884293	7.193379	18.71293
	1061163795	-3.7729626	7.705738	18.71293
	1061163795	-3.5874119	8.018182	18.71293
	1061163800	-3.3372178	8.313866	18.71293
	1061163813	-2.9792848	8.403648	18.71293
	1061163813	-2.4034793	8.47308	18.71293
	1061163815	-1.7666216	8.439561	18.71293
	1061163830	-1.142932	8.459911	18.71293
	1061163830	-0.5300164	8.364143	18.71293
	1061163831	0.19662382	8.300697	18.71293
	1061163834	0.8454525	8.166622	18.71293
	1061163850	1.3949218	8.02297	18.71293
	1061163850	1.8797476	7.8733325	18.292747
	1061163850	2.2807765	7.644686	17.593641
	1061163862	2.535759	7.5106106	16.968756
	1061163862	2.728492	7.3549876	16.251692
	1061163864	2.8003182	7.0700774	15.696237
	1061163869	2.7656024	6.8438253	15.090504
	1061163878	2.536956	6.540959	14.5111065
	1061163879	2.1850083	6.1626754	13.934104
	1061163885	1.8510172	5.705383	13.292459
	1061163895	1.469142	5.3474493	12.474838
	1061163895	1.1267712	4.8901567	11.511172
	1061163899	0.851438	4.435259	10.539126
	1061163915	0.68025255	3.965995	9.464129
	1061163916	0.5114613	3.5314474	8.425046
	1061163916	0.4492121	3.1112652	7.390751
	1061163918	0.4516063	2.706645	6.3720183
	1061163931	0.5832874	2.2517467	5.505317
	1061163932	0.68743515	1.8662802	4.872051
	1061163933	0.99868137	1.5394717	4.2028713
	1061163948	1.3087305	1.210269	3.59235
	1061163949	1.6451159	0.93972415	3.1326632
	1061163949	1.8905215	0.59974754	2.7783215
	1061163964	2.1754315	0.32441434	2.4096143
	1061163964	2.5070283	0.062249243	2.2755392
	1061163965	2.9032688	-0.35793316	2.428768
	1061163968	3.285144	-0.7541735	2.749591
	1061163980	3.6083612	-1.0486604	2.9926026
	1061163980	3.8621466	-1.2641385	3.1362545
	1061163982	4.053683	-1.435324	3.1338603
	1061163997	4.022558	-1.6160861	3.0237272
	1061163997	4.057274	-1.8207904	2.680159
	1061163997	4.160225	-2.086547	2.2408233
	1061164002	4.151845	-2.2349873	1.7200843
	1061164014	4.127903	-2.232593	1.2364556
	1061164014	4.173393	-2.2301989	0.791134
	1061164017	4.360141	-2.1164744	0.42960957
	1061164031	4.544494	-1.982399	0.31229368
	1061164032	4.7527895	-1.7980455	0.21173722
	1061164032	4.920384	-1.6364368	0.28954875
	1061164048	5.101146	-1.5310919	0.70015436
	1061164048	5.3513403	-1.3910311	1.3884873
	1061164048	5.6554036	-1.2090719	2.0947769
	1061164051	5.9379196	-0.91099375	2.716072
	1061164063	6.0612206	-0.37708676	3.141043
	1061164063	6.0109425	0.19393034	3.2415996
	1061164066	5.789479	0.80804306	3.1458313
	1061164078	5.4794297	1.3599066	3.009362
	1061164078	5.2268414	1.8674773	2.9447184
	1061164081	5.134665	2.5187001	2.9183822
	1061164086	4.986224	3.0921116	2.9937997
	1061164095	4.848558	3.7481227	3.3002574
	1061164096	4.733636	4.237737	3.9514802
	1061164103	4.7851114	4.724957	5.1557636
	1061164116	4.886865	5.1678843	6.871209
	1061164116	4.7875056	5.7065797	8.924237
	1061164116	4.7013144	6.3709707	11.215488
	1061164130	4.706103	6.9228344	13.504345
	1061164131	4.841375	7.193379	15.784822
	1061164131	5.010166	7.4327993	17.712154
	1061164135	5.108329	7.6410947	18.71293
	1061164146	5.042488	7.896077	18.71293
	1061164146	4.9036245	8.231265	18.71293
	1061164150	4.544494	8.707711	18.71293
	1061164163	4.3266215	9.235633	18.71293
	1061164163	4.172196	9.69532	18.71293
	1061164165	4.035726	10.19451	18.332253
	1061164182	3.8334162	10.670957	17.56491
	1061164182	3.6155438	11.076775	16.967558
	1061164183	3.4264019	11.463438	16.280422
	1061164185	3.2564137	11.804611	15.594483
	1061164197	3.0193877	12.0332575	15.060576
	1061164197	2.739266	12.239159	14.750527
	1061164199	2.4340053	12.307394	14.617649
	1061164211	2.036568	12.349293	14.563779
	1061164211	1.5744869	12.348095	14.543428
	1061164214	1.2512697	12.225991	14.5589905
	1061164219	0.9196727	12.182896	14.50991
	1061164228	0.7233482	12.044032	14.331542
	1061164229	0.54976857	11.857284	14.046632
	1061164234	0.40132806	11.601105	13.760525
	1061164241	0.20141222	11.268311	13.357101
	1061164259	0.043394905	10.95467	12.935722
	1061164259	-0.22714989	10.588357	12.322806
	1061164259	-0.37559038	10.189722	11.554268
	1061164260	-0.5743091	9.838972	10.638486
	1061164265	-0.8077438	9.423578	9.788544
	1061164268	-1.0292075	9.0081835	8.936208
	1061164280	-1.3643957	8.656237	8.104223
	1061164280	-1.6852187	8.159439	7.339276
	1061164283	-1.984494	7.6255326	6.516867
	1061164296	-2.330456	7.1502833	5.7363577
	1061164296	-2.67163	6.6367273	4.924723
	1061164298	-2.9625254	6.18542	4.134637
	1061164315	-3.2354643	5.685032	3.4211645
	1061164315	-3.5383308	5.0900726	2.8836663
	1061164315	-3.8818989	4.5058875	2.6981156
	1061164320	-4.3212347	4.0545807	2.8884547
	1061164333	-4.7414174	3.6164417	3.5217211
	1061164333	-4.990414	3.0657754	3.8748658
	1061164333	-5.167585	2.5761611	4.4554596
	1061164349	-5.5853734	2.2625206	4.9869723
	1061164349	-6.0115414	1.9955671	5.1976624
	1061164349	-6.331167	1.6196774	5.14499
	1061164353	-6.570587	1.2413936	4.7391725
	1061164363	-6.839935	0.93732995	3.8401499
	1061164363	-6.889016	0.6907272	2.7448027
	1061164367	-6.910564	0.50876784	1.5500959
	1061164379	-6.7262106	0.23702596	0.29673138
	1061164379	-6.61488	0.06943185	-0.96621
	1061164382	-6.389825	-0.039504327	-2.2016182
	1061164396	-6.3215904	-0.015562311	-3.5519478
	1061164397	-6.16477	0.0035913025	-4.7382746
	1061164397	-6.006753	-0.0035913025	-5.467309
	1061164402	-5.9289412	-0.12449849	-5.5846252
	1061164414	-5.9576716	-0.2633622	-4.999243
	1061164415	-6.034286	-0.2753332	-3.6333506
	1061164417	-6.198289	-0.29209262	-1.9897312
	1061164432	-6.4424977	-0.29568392	-0.16175826
	1061164432	-6.626851	-0.24899697	1.7021278
	1061164432	-6.7621236	-0.17956513	3.404405
	1061164449	-6.830358	0.17956513	4.8816276
	1061164449	-6.9716163	0.7206547	6.11943
	1061164449	-7.05661	1.4939818	6.7359366
	1061164451	-7.231387	2.2349873	6.796989
	1061164463	-7.3355346	2.907758	6.392369
	1061164463	-7.2876506	3.537433	5.938668
	1061164466	-7.0997057	4.158728	5.7243867
	1061164479	-6.832752	4.72376	5.8620534
	1061164479	-6.568193	5.257667	6.5156703
	1061164482	-6.1599817	5.5509567	7.7989626
	1061164485	-5.618892	5.66109	9.761011
	1061164496	-5.0574517	5.831078	12.183943
	1061164496	-4.5678377	6.033388	14.818762
	1061164500	-4.2230725	6.3422403	17.052551
	1061164515	-3.942951	6.55293	18.71293
	1061164515	-3.8064814	6.8186865	18.71293
	1061164516	-3.7274728	7.1371155	18.71293
	1061164531	-3.7023337	7.642292	18.71293
	1061164531	-3.68318	8.24563	18.71293
	1061164532	-3.553893	8.836999	18.71293
	1061164546	-3.267786	9.4295635	18.71293
	1061164546	-3.0834324	9.910798	18.71293
	1061164547	-2.7494414	10.316615	18.71293
	1061164550	-2.3136966	10.597934	18.71293
	1061164565	-1.6505028	10.776301	18.71293
	1061164566	-1.0220249	10.961852	18.71293
	1061164566	-0.30376434	11.049241	18.71293
	1061164570	0.37858313	11.061212	18.71293
	1061164581	1.0980407	11.001357	18.447174
	1061164581	1.7863737	10.827777	17.805529
	1061164584	2.4328082	10.668563	17.031004
	1061164598	2.8422167	10.454282	16.12839
	1061164598	3.15466	10.196905	15.323938
	1061164599	3.3713353	9.916783	14.737359
	1061164614	3.4922423	9.582792	14.228591
	1061164615	3.5030165	9.212888	13.814394
	1061164615	3.3868976	8.825027	13.288867
	1061164619	3.1774049	8.37013	12.8950205
	1061164630	3.011008	7.848193	12.303653
	1061164631	2.9032688	7.241263	11.702708
	1061164634	2.7919385	6.6726403	10.855161
	1061164647	2.7308862	6.123171	9.75742
	1061164652	2.6818051	5.4803276	8.736293
	1061164652	2.548927	4.865018	7.675661
	1061164654	2.5010428	4.2173862	6.7682586
	1061164666	2.5333648	3.6092591	5.795016
	1061164666	2.5620952	3.0358477	4.872051
	1061164668	2.6004024	2.5881321	4.016124
	1061164683	2.7177181	2.172738	3.1386487
	1061164683	2.8410196	1.6962919	2.3318028
	1061164683	3.009811	1.1121067	1.7308582
	1061164695	3.1941643	0.59256494	1.3154641
	1061164695	3.3497875	0.09935937	1.1634324
	1061164699	3.5532947	-0.34356794	1.2460324
	1061164703	3.805883	-0.7661445	1.5836148
	1061164715	3.9172132	-1.0845734	2.0708349
	1061164716	3.9698856	-1.3910311	2.5724201
	1061164718	4.0979753	-1.6663644	2.7986722
	1061164730	4.3086653	-1.8854338	3.0752025
	1061164730	4.4894276	-2.0853498	3.1362545
	1061164732	4.634277	-2.2301989	2.9722517
	1061164748	4.768352	-2.337938	2.8010664
	1061164748	4.8725	-2.372654	2.2827218
	1061164749	4.944326	-2.3068132	1.7200843
	1061164765	5.11192	-2.195483	1.3549685
	1061164765	5.360917	-2.066196	1.1047745
	1061164765	5.6769514	-1.9141643	0.95034844
	1061164767	6.027702	-1.8710686	0.85098904
	1061164783	6.244377	-1.6986861	0.96351653
	1061164784	6.4694324	-1.5837644	1.265186
	1061164784	6.5316815	-1.3611037	1.8290205
	1061164799	6.4239426	-1.1623849	2.4802432
	1061164800	6.196493	-0.8738836	3.1015387
	1061164800	5.8457427	-0.5542577	3.8437412
	1061164802	5.505766	-0.15562311	4.3956046
	1061164815	5.2172647	0.35075054	4.8457146
	1061164815	4.86412	1.0259154	5.0516157
	1061164816	4.497807	1.7657237	4.8995843
	1061164829	4.22008	2.5031378	4.6529813
	1061164829	3.997419	3.1507695	4.6434045
	1061164831	3.8884828	3.7852328	4.812196
	1061164836	3.8705263	4.4364557	5.2730794
	1061164845	3.7448308	5.1822495	6.048801
	1061164846	3.6993408	5.887342	7.177667
	1061164851	3.6586394	6.4631476	8.533982
	1061164865	3.7184944	6.956353	10.176405
	1061164865	3.8597524	7.393295	11.906216
	1061164866	3.927987	7.831434	13.868263
	1061164882	3.9483378	8.231265	15.854254
	1061164882	3.8513727	8.513782	17.684622
	1061164883	3.7651815	8.653842	18.71293
	1061164885	3.7101147	8.803479	18.71293
	1061164897	3.7053263	8.9363575	18.71293
	1061164897	3.653851	9.064447	18.71293
	1061164900	3.5066078	9.325416	18.71293
	1061164914	3.3545759	9.667787	18.71293
	1061164914	3.2013469	9.929952	18.71293
	1061164917	2.9032688	10.183737	18.71293
	1061164935	2.5118167	10.583569	17.855806
	1061164936	2.0820577	10.885238	16.6204
	1061164937	1.5816694	11.225215	15.477167
	1061164937	1.0980407	11.523293	14.53864
	1061164948	0.65511346	11.676521	13.858686
	1061164948	0.1894412	11.835736	13.394212
	1061164949	-0.34207156	11.956643	13.098528
	1061164964	-0.85203654	12.014104	12.889035
	1061164964	-1.3213	12.044032	12.707076
	1061164965	-1.6193782	11.976994	12.596943
	1061164980	-1.8480245	11.862072	12.292879
	1061164980	-1.9988592	11.613075	12.07381
	1061164981	-2.0838532	11.348516	11.869105
	1061164984	-2.0072389	11.020511	11.636868
	1061164997	-1.8755578	10.5704	11.460894
	1061164997	-1.6277579	10.056845	11.071836
	1061164999	-1.474529	9.646238	10.76897
	1061165014	-1.4350246	9.1590185	10.239851
	1061165014	-1.3895348	8.74123	9.753828
	1061165014	-1.510442	8.329428	9.217526
	1061165018	-1.582268	7.831434	8.502858
	1061165029	-1.8085201	7.386112	7.723545
	1061165029	-2.0850503	6.987478	6.868815
	1061165033	-2.355595	6.578069	6.024859
	1061165047	-2.647688	6.196194	5.2862477
	1061165047	-2.8140848	5.7257333	4.5931263
	1061165048	-3.066673	5.281609	4.114286
	1061165064	-3.2893338	4.7500963	3.72044
	1061165064	-3.491644	4.2054152	3.4486978
	1061165064	-3.656844	3.705027	3.2607532
	1061165068	-3.7202902	3.2824504	3.0045736
	1061165081	-3.8184524	2.837129	2.7232547
	1061165081	-3.9633017	2.4025815	2.5293245
	1061165083	-4.045902	2.0219033	2.143858
	1061165097	-4.0913916	1.6663644	1.7248727
	1061165098	-4.1392756	1.3156139	1.1598411
	1061165098	-4.209904	1.1348516	0.61156887
	1061165102	-4.262577	0.88944596	0.112377845
	1061165113	-4.346374	0.736217	-0.34611177
	1061165113	-4.5079827	0.5243302	-0.79981303
	1061165117	-4.6157217	0.33638534	-1.1026795
	1061165130	-4.750994	0.19512744	-1.3540707
	1061165131	-5.0167503	0.1364695	-1.3756185
	1061165134	-5.26455	0.1376666	-1.2331635
	1061165149	-5.5027733	0.044292733	-1.0931027
	1061165150	-5.6691704	-0.089782566	-0.8644565
	1061165150	-5.7553616	-0.272939	-0.24316111
	1061165152	-5.712266	-0.39264908	0.37334582
	1061165163	-5.545869	-0.46926352	1.1933599
	1061165163	-5.3651066	-0.45848963	2.0887914
	1061165166	-5.3028574	-0.30645782	2.9495068
	1061165178	-5.3758807	0.053869538	3.5181298
	1061165179	-5.474043	0.4405331	3.793463
	1061165181	-5.439327	0.91697925	3.9167643
	1061165195	-5.5494604	1.4197617	3.8006456
	1061165195	-5.6931124	2.0338743	3.5660138
	1061165197	-5.784092	2.6850972	3.2248402
	1061165201	-5.7781067	3.3566709	3.058443
	1061165215	-5.6356516	3.9133227	3.1757588
	1061165215	-5.5039706	4.308366	3.902399
	1061165216	-5.3112373	4.531027	5.368848
	1061165231	-5.0754085	4.7417164	7.595455
	1061165231	-4.882675	4.9524064	10.357167
	1061165232	-4.608539	5.2361193	13.430125
	1061165236	-4.3284173	5.591658	16.412104
	1061165252	-3.944148	6.0022635	18.71293
	1061165252	-3.5874119	6.381745	18.71293
	1061165252	-3.3432033	6.8210807	18.71293
	1061165264	-3.1863832	7.3669586	18.71293
	1061165265	-3.018789	8.002619	18.71293
	1061165265	-2.9888616	8.747216	18.71293
	1061165280	-2.9840732	9.53012	18.71293
	1061165281	-3.0283659	10.234015	18.71293
	1061165281	-3.0271688	10.813412	18.042555
	1061165285	-2.8212674	11.295844	17.749264
	1061165298	-2.483685	11.61547	17.938406
	1061165298	-1.8587984	11.724405	18.492664
	1061165300	-1.2387002	11.745954	18.71293
	1061165314	-0.6569091	11.784261	18.71293
	1061165314	-0.118213706	11.713632	18.71293
	1061165315	0.39294836	11.567586	18.71293
	1061165320	0.78559744	11.372458	18.71293
	1061165330	1.1794436	11.172543	18.71293
	1061165330	1.5289971	11.044453	18.71293
	1061165334	1.9264345	10.8182	18.71293
	1061165346	2.1526866	10.637438	18.27599
	1061165346	2.34542	10.456676	17.494282
	1061165351	2.5261822	10.184934	16.811935
	1061165367	2.6363153	9.822212	15.988329
	1061165367	2.6818051	9.466674	15.188666
	1061165367	2.7105355	9.053674	14.281263
	1061165369	2.7775733	8.475474	13.330766
	1061165381	2.845808	7.917625	12.467656
	1061165381	2.8757355	7.267599	11.508778
	1061165384	2.8865094	6.6427126	10.567857
	1061165395	2.8589761	6.0046577	9.4952545
	1061165395	2.8589761	5.3474493	8.347235
	1061165398	2.904466	4.7189717	7.2722383
	1061165413	2.9152398	4.096479	6.016479
	1061165413	2.9475615	3.4608185	4.837335
	1061165413	2.8493993	2.918532	3.7611413
	1061165418	2.8721442	2.4361002	2.8788779
	1061165433	2.9583354	1.9129672	2.0792146
	1061165434	3.096002	1.3670892	1.5536872
	1061165434	3.2564137	0.8535329	1.1981484
	1061165446	3.3880947	0.415394	1.0700585
	1061165447	3.5616744	0.034715924	1.171812
	1061165448	3.7161002	-0.34835634	1.3429976
	1061165453	3.8022916	-0.7015011	1.5500959
	1061165463	3.9243958	-1.0151415	1.8098669
	1061165464	3.9064393	-1.3024458	1.8134582
	1061165468	3.9339726	-1.4460979	1.7787422
	1061165480	3.9686885	-1.5813702	1.5536872
	1061165481	3.9830537	-1.6927006	1.2065281
	1061165482	3.950732	-1.7405846	0.6666355
	1061165496	3.8453872	-1.7310078	0.22490533
	1061165497	3.841796	-1.70946	-0.11746552
	1061165497	3.9411552	-1.6496049	-0.14859015
	1061165502	4.080019	-1.5598224	0.03935469
	1061165514	4.222474	-1.4616601	0.18899229
	1061165514	4.5468884	-1.4389153	0.4571429
	1061165517	4.806659	-1.4053963	0.7600094
	1061165534	4.9610853	-1.3922282	0.93358904
	1061165534	5.1095257	-1.3275849	1.2508208
	1061165534	5.2388124	-1.186327	1.5213655
	1061165548	5.207688	-1.021127	2.1510406
	1061165548	5.1203	-0.7338228	2.9914055
	1061165548	4.8593316	-0.30645782	3.7623384
	1061165551	4.545691	0.039504327	4.572776
	1061165564	4.2368393	0.50397944	5.4155345
	1061165564	3.9710827	0.9756372	6.144569
	1061165568	3.6478655	1.6591818	6.6617165
	1061165581	3.3114803	2.3989902	6.807763
	1061165581	2.8541877	3.169923	6.618621
	1061165582	2.3430257	3.9839516	6.2056212
	1061165586	1.7815853	4.7800236	5.6872764
	1061165598	1.1746552	5.7137623	5.480178
	1061165598	0.744896	6.585252	5.482572
	1061165601	0.24809915	7.4375877	5.7435403
	1061165614	-0.1086369	8.2037325	6.567146
	1061165614	-0.3863643	8.700529	7.879168
	1061165616	-0.61620766	9.029732	9.597008
	1061165631	-0.6485294	9.210494	11.648839
	1061165631	-0.5288193	9.297882	13.752145
	1061165631	-0.23193829	9.308656	15.928474
	1061165635	0.20021512	9.238028	17.952772
	1061165648	0.8286931	9.074024	18.71293
	1061165648	1.4224551	8.853758	18.71293
	1061165650	1.9599533	8.77834	18.71293
	1061165663	2.407669	8.765172	18.71293
	1061165663	2.6841993	8.883685	18.71293
	1061165665	2.8410196	9.119514	18.71293
	1061165680	2.9858687	9.419987	18.066496
	1061165680	3.0157964	9.680955	16.78919
	1061165680	2.9224224	9.977836	15.349077
	1061165685	2.7560253	10.340557	14.144794
	1061165697	2.3897126	10.655395	13.136835
	1061165697	2.0018518	11.042058	12.361114
	1061165700	1.479916	11.252748	11.835587
	1061165713	0.8550293	11.421539	11.48723
	1061165714	0.17627311	11.544841	11.304073
	1061165714	-0.46776715	11.565191	11.225065
	1061165719	-1.1082162	11.52449	11.040711
	1061165731	-1.664868	11.4837885	10.648063
	1061165731	-2.1568766	11.440693	10.166828
	1061165734	-2.6824038	11.289858	9.677214
	1061165755	-3.0391397	11.113884	9.20795
	1061165755	-3.2294788	10.880449	8.761432
	1061165755	-3.327641	10.572795	8.520814
	1061165756	-3.3683424	10.272323	8.355615
	1061165763	-3.4138324	9.938332	8.295759
	1061165764	-3.3946788	9.623494	8.172458
	1061165768	-3.4150295	9.228451	8.109012
	1061165779	-3.4880526	8.78672	8.106617
	1061165780	-3.5874119	8.376115	8.074296
	1061165785	-3.7131076	7.941567	8.129362
	1061165796	-3.7981017	7.53575	8.010849
	1061165796	-3.8459857	7.1347213	7.9318404
	1061165798	-3.729867	6.7025676	7.639748
	1061165815	-3.5945945	6.209362	7.3644147
	1061165815	-3.515586	5.768829	7.045986
	1061165816	-3.421015	5.3079453	6.764667
	1061165818	-3.3539772	5.031415	6.3540616
	1061165832	-3.3982701	4.607641	5.894375
	1061165832	-3.409044	4.2664676	5.326949
	1061165833	-3.5096004	3.8953662	4.746355
	1061165849	-3.5203743	3.5697548	4.232799
	1061165849	-3.5467105	3.2441432	3.8521209
	1061165849	-3.4772787	2.8550856	3.4187703
	1061165853	-3.5359366	2.5378537	2.8537388
	1061165863	-3.613748	2.244564	2.3054667
	1061165864	-3.731064	2.006341	1.6757915
	1061165867	-3.8100727	1.8136078	1.0149919
	1061165879	-3.8890815	1.6412252	0.38651395
	1061165879	-3.908235	1.4341269	-0.13781624
	1061165882	-3.966893	1.151611	-0.30900165
	1061165896	-4.0554786	0.94451255	-0.26351184
	1061165896	-4.171597	0.7206547	0.27757776
	1061165897	-4.3882723	0.58538234	0.93718034
	1061165902	-4.6731825	0.44771573	1.8888755
	1061165916	-4.8671126	0.29927522	2.784307
	1061165916	-4.9952025	0.16879122	3.7503674
	1061165917	-5.1053357	0.06703765	4.7116394
	1061165932	-5.1244893	-0.092176765	5.4849663
	1061165932	-5.246594	-0.34237084	6.241534
	1061165933	-5.330391	-0.49559975	6.8616323
	1061165949	-5.3172226	-0.6332663	7.462577
	1061165949	-5.1711764	-0.60453594	7.9318404
	1061165949	-4.893449	-0.33399114	8.06831
	1061165951	-4.5750203	-0.005985504	8.189218
	1061165965	-4.2769423	0.48961425	7.9306436
	1061165966	-4.054281	1.1372458	7.425467
	1061165966	-3.9417539	1.7741034	6.4019456
	1061165981	-3.9453452	2.5881321	5.0923176
	1061165982	-3.9812582	3.4117374	3.7886746
	1061165982	-4.097377	4.19943	2.704101
	1061165986	-4.21589	5.0517654	1.9487306
	1061165998	-4.3774986	5.9184666	1.5572785
	1061165998	-4.5415015	6.631939	1.8014871
	1061166002	-4.633678	7.2233067	2.716072
	1061166012	-4.6612115	7.6710224	4.5739727
	1061166012	-4.5905824	8.000225	7.049577
	1061166015	-4.385878	8.367735	9.989657
	1061166030	-4.1656117	8.684967	12.968044
	1061166031	-3.9956234	9.153033	15.507094
	1061166031	-3.8998554	9.455899	17.489494
	1061166035	-3.7131076	9.537302	18.71293
	1061166045	-3.482067	9.551667	18.71293
	1061166045	-3.0379426	9.64145	18.71293
	1061166050	-2.484882	9.909601	18.71293
	1061166064	-1.9713259	10.263943	18.66026
	1061166065	-1.4661492	10.62427	18.177826
	1061166065	-1.0004771	10.965444	17.603218
	1061166082	-0.64254385	11.172543	17.118393
	1061166083	-0.30735564	11.319786	16.783205
	1061166083	0.043394905	11.422736	16.486322
	1061166085	0.41569328	11.434708	16.483929
	1061166098	0.70299745	11.452663	16.414497
	1061166098	0.9771336	11.4119625	16.331898
	1061166099	1.2404958	11.314998	16.306759
	1061166111	1.4703391	11.071986	16.224157
	1061166112	1.6654665	10.856507	16.002695
	1061166114	1.8402433	10.502166	15.6495495
	1061166119	1.967136	10.170568	15.017481
	1061166128	2.016217	9.787497	14.50991
	1061166129	2.0664954	9.446322	13.76651
	1061166134	1.944391	9.01776	13.0937395
	1061166153	1.7767969	8.564059	12.422166
	1061166154	1.6295536	8.186973	11.744607
	1061166154	1.4475942	7.716512	10.905439
	1061166154	1.3637972	7.253234	9.873538
	1061166164	1.385345	6.657078	8.799739
	1061166165	1.4787189	6.1112	7.887548
	1061166168	1.5792753	5.374983	6.8700123
	1061166178	1.93242	4.5394063	5.935076
	1061166178	2.2436662	3.8881836	5.291036
	1061166183	2.3897126	3.3973722	4.8576856
	1061166195	2.5142112	2.859874	4.399196
	1061166195	2.7356746	2.1906946	4.010138
	1061166198	3.142689	1.423353	3.9670427
	1061166214	3.712509	0.5279215	4.1094975
	1061166214	4.151845	-0.20829555	4.3596916
	1061166215	4.5169606	-0.81043726	4.886416
	1061166220	4.8713026	-1.2054806	5.204845
	1061166232	5.171775	-1.5729905	5.2970214
	1061166232	5.3357778	-1.875857	5.168932
	1061166233	5.3836617	-2.0362685	4.7140336
	1061166250	5.3561287	-2.195483	4.0915413
	1061166251	5.2052937	-2.2290018	3.1925182
	1061166251	5.0365024	-2.1428106	2.1534348
	1061166252	4.900033	-2.0949266	1.0305542
	1061166266	4.8701057	-2.0494366	0.1985691
	1061166266	4.9550996	-2.0290859	-0.43709144
	1061166267	5.087978	-2.0506337	-0.645387
	1061166279	5.222053	-2.1092918	-0.49694648
	1061166279	5.372888	-2.019509	-0.15696985
	1061166282	5.609914	-1.8363527	0.18659809
	1061166295	5.904401	-1.6124948	0.36137483
	1061166296	6.085163	-1.376666	0.5349544
	1061166297	6.252757	-1.2761095	0.8833108
	1061166301	6.504148	-1.1432313	1.3561656
	1061166314	6.808212	-1.0965444	2.1426609
	1061166314	6.9339075	-0.9876082	3.0141504
	1061166316	6.8477163	-0.6572084	3.782689
	1061166331	6.6035075	-0.23463176	4.6314335
	1061166332	6.298247	0.33279404	5.3054013
	1061166332	6.0097456	1.0175357	5.8632503
	1061166336	5.8577137	1.7082629	6.417508
	1061166347	5.582381	2.541445	7.0052843
	1061166348	5.150227	3.5553896	7.317728
	1061166351	4.6091375	4.6686935	7.3739915
	1061166363	4.1446624	5.8107276	7.2782235
	1061166363	3.7280712	6.8905125	6.9334583
	1061166366	3.4323874	7.799112	6.7323456
	1061166380	3.119944	8.656237	6.6844616
	1061166380	2.8912978	9.387665	7.13098
	1061166382	2.7129297	9.952697	8.135347
	1061166385	2.6530747	10.304645	9.472509
	1061166398	2.6782138	10.492589	11.094581
	1061166399	2.6973674	10.647015	12.753763
	1061166400	2.6865935	10.694899	14.357878
	1061166416	2.6111763	10.681731	15.863831
	1061166416	2.5309706	10.827777	16.93763
	1061166416	2.4639328	10.948685	17.426048
	1061166433	2.4340053	11.162966	17.485903
	1061166433	2.524985	11.431116	17.220146
	1061166434	2.6027966	11.654974	16.680254
	1061166448	2.6530747	11.820174	16.18585
	1061166448	2.809895	11.865664	15.684266
	1061166448	2.9583354	11.85489	15.120431
	1061166450	3.0768485	11.801021	14.548217
	1061166464	3.129521	11.796232	14.037055
	1061166464	3.0684688	11.923124	13.494768
	1061166464	2.8661587	11.902774	13.12247
	1061166470	2.5178025	11.833342	13.102119
	1061166481	2.0629041	11.632229	13.384635
	1061166481	1.5541362	11.468226	13.831154
	1061166484	0.99628717	11.216835	14.227394
	1061166497	0.36661214	11.002554	14.412945
	1061166498	-0.26665422	10.742783	14.529063
	1061166499	-0.71197575	10.43872	14.66673
	1061166514	-1.189619	10.056845	14.725388
	1061166514	-1.6433202	9.737218	14.617649
	1061166515	-2.0790648	9.417592	14.246548
	1061166519	-2.542343	9.123106	13.62645
	1061166530	-2.945766	8.75799	12.735806
	1061166530	-3.340809	8.341399	11.80925
	1061166534	-3.5790322	7.9846625	10.752211
	1061166546	-3.76578	7.57286	9.676017
	1061166546	-3.7717655	7.0605006	8.653692
	1061166548	-3.7011366	6.5361705	7.6217914
	1061166563	-3.647267	6.0262055	6.6473513
	1061166564	-3.6891656	5.505467	5.8141694
	1061166565	-3.6412816	4.9883194	5.0013375
	1061166568	-3.482067	4.4675803	3.9885905
	1061166582	-3.3432033	3.977966	2.8118403
	1061166582	-3.242647	3.4524388	1.6326959
	1061166583	-3.170821	2.8933928	0.6259341
	1061166599	-3.0954034	2.4109612	-0.014514848
	1061166599	-3.0367455	2.005144	-0.105494514
	1061166600	-2.8619688	1.5478514	0.26201546
	1061166603	-2.8140848	1.2174516	0.992247
	1061166616	-2.958934	0.89184016	1.8517654
	1061166617	-3.2582092	0.7254431	2.7124808
	1061166618	-3.5084033	0.5722142	3.5217211
	1061166629	-3.692757	0.4429273	4.138228
	1061166630	-3.8735192	0.34117374	4.584747
	1061166632	-3.9333742	0.007182605	4.5979147
	1061166646	-3.9345713	-0.32441434	4.1071033
	1061166646	-3.838803	-0.50517654	3.27033
	1061166647	-3.6029742	-0.6775591	2.180968
	1061166665	-3.373131	-0.7505822	1.0772412
	1061166665	-3.2163107	-0.7565677	0.1818097
	1061166665	-3.1935658	-0.8415619	-0.5328595
	1061166667	-3.328838	-0.8523358	-0.9267057
	1061166683	-3.4748845	-0.8607155	-0.7926304
	1061166683	-3.564667	-0.79008657	-0.2335843
	1061166683	-3.5431192	-0.63206923	0.5612907
	1061166699	-3.4856584	-0.29688102	1.443554
	1061166699	-3.5131917	0.10534488	2.499397
	1061166700	-3.668815	0.7410054	3.6366427
	1061166702	-3.920206	1.6184803	4.8325467
	1061166719	-4.048296	2.6659436	5.6633344
	1061166719	-4.16202	3.7576995	5.9937344
	1061166720	-4.1129394	4.7644615	5.970989
	1061166729	-4.057873	5.78918	5.530456
	1061166730	-4.081815	6.7229185	4.954651
	1061166731	-4.156035	7.619547	4.5356655
	1061166736	-4.012383	8.257602	4.588338
	1061166745	-3.7334583	8.797494	5.0372505
	1061166746	-3.4976294	9.044097	6.069152
	1061166751	-3.2522237	9.263166	7.7965684
	1061166769	-3.0618846	9.275137	9.857976
	1061166769	-2.9517515	9.272743	12.138453
	1061166770	-2.9290066	9.233239	14.2321825
	1061166785	-3.0259717	9.197326	16.152332
	1061166786	-3.1780035	9.248801	17.700184
	1061166786	-3.4880526	9.41041	18.697369
	1061166786	-3.8747163	9.728839	18.71293
	1061166795	-4.1763854	9.994595	18.71293
	1061166795	-4.3284173	10.255563	18.71293
	1061166800	-4.4792523	10.515334	18.71293
	1061166812	-4.4493246	10.674548	18.71293
	1061166812	-4.2577887	10.757148	18.71293
	1061166816	-3.8866873	10.759542	18.71293
	1061166829	-3.3096845	10.767922	18.71293
	1061166829	-2.7662008	10.748769	18.552519
	1061166830	-2.3124995	10.666168	17.922844
	1061166835	-1.9461867	10.584765	17.40809
	1061166857	-1.6265608	10.492589	16.827497
	1061166857	-1.2243348	10.308235	16.279224
	1061166857	-0.786196	10.121488	15.792005
	1061166857	-0.34207156	9.896433	15.189863
	1061166859	0.12479776	9.595961	14.5745535
	1061166864	0.56293666	9.214086	13.922133
	1061166879	0.9711481	8.7951	13.325977
	1061166879	1.1926117	8.4108305	12.551453
	1061166880	1.4033015	7.988254	11.882274
	1061166884	1.5182232	7.5201874	11.201123
	1061166897	1.5661072	7.0832458	10.500819
	1061166897	1.6295536	6.5625067	9.677214
	1061166899	1.6642694	6.045359	8.772205
	1061166916	1.6163855	5.5222263	7.7845974
	1061166916	1.5720927	5.080496	6.6617165
	1061166917	1.5086464	4.5166616	5.6274214
	1061166919	1.3877392	4.0904937	4.692486
	1061166931	1.2716204	3.6774938	4.098724
	1061166931	1.1100118	3.21661	3.689315
	1061166933	1.0884639	2.6874914	3.4941878
	1061166949	1.1471219	2.195483	3.4594717
	1061166949	1.4044986	1.7405846	3.495385
	1061166950	1.6319478	1.271321	3.8509238
	1061166964	1.9192519	0.82480246	4.1178775
	1061166964	2.122759	0.45370123	4.4638395
	1061166965	2.3310547	0.08020575	4.64939
	1061166968	2.535759	-0.30286652	4.8086042
	1061166981	2.784756	-0.581791	4.791845
	1061166981	2.9128456	-0.7613561	4.530877
	1061166983	3.0445268	-0.878672	3.9526772
	1061166999	2.9439702	-0.973243	3.2655416
	1061166999	2.918831	-1.0450691	2.5532665
	1061166999	2.8865094	-1.1049241	1.764377
	1061167002	2.8972833	-1.258153	1.074847
	1061167014	2.8063037	-1.2892777	0.4679168
	1061167014	2.751237	-1.3060371	0.044143096
	1061167017	2.8314428	-1.3215994	-0.050427873
	1061167031	2.9738977	-1.4137762	0.16983868
	1061167031	3.1977556	-1.460463	0.83662385
	1061167034	3.488651	-1.472434	1.5010148
	1061167048	3.781941	-1.4640543	2.344971
	1061167048	3.973477	-1.3491327	3.1985037
	1061167048	4.0632596	-1.2234371	3.9682398
	1061167052	4.0872016	-1.0283096	4.720019
	1061167064	4.1410713	-0.7661445	5.50412
	1061167064	4.209306	-0.33997664	6.23076
	1061167067	4.2547956	0.16998832	6.6222124
	1061167081	4.3948565	0.7338228	6.6365776
	1061167081	4.5289316	1.4065934	6.3516674
	1061167082	4.5265374	2.1320367	5.835717
	1061167098	4.437952	2.9233203	5.195268
	1061167098	4.2990885	3.8127663	4.542848
	1061167098	4.1291003	4.7285485	3.7036803
	1061167101	3.949535	5.603629	3.1554081
	1061167115	3.8010945	6.279991	3.008165
	1061167115	3.6753988	6.8486137	3.2799067
	1061167116	3.6394858	7.2113357	4.2292075
	1061167130	3.6275148	7.477092	5.7351604
	1061167131	3.570054	7.5824366	7.861212
	1061167131	3.5425208	7.6123643	10.515184
	1061167136	3.6945524	7.541735	13.494768
	1061167147	3.8334162	7.4627266	16.626385
	1061167147	3.950732	7.454347	18.71293
	1061167150	3.9854481	7.52737	18.71293
	1061167164	3.8872857	7.753622	18.71293
	1061167164	3.7663786	8.021772	18.71293
	1061167165	3.7304654	8.317456	18.71293
	1061167180	3.747225	8.7292595	18.71293
	1061167180	3.7663786	9.163807	18.71293
	1061167181	3.7352538	9.557653	18.024597
	1061167185	3.7879264	9.847352	16.408512
	1061167198	3.8717234	10.079589	14.888194
	1061167198	3.9208045	10.33936	13.425337
	1061167200	3.8645408	10.505757	12.211476
	1061167215	3.856161	10.637438	11.381886
	1061167216	3.6849756	10.740389	10.881497
	1061167216	3.428796	10.764331	10.772561
	1061167220	3.0660746	10.702082	10.742634
	1061167231	2.6099792	10.548853	10.935367
	1061167231	2.241272	10.29387	11.2071085
	1061167234	1.8761563	10.092757	11.577013
	1061167247	1.5433623	9.825804	11.730242
	1061167248	1.124377	9.560047	11.83798
	1061167251	0.7149685	9.370906	11.93734
	1061167265	0.28880057	9.078813	11.932551
	1061167265	-0.026036944	8.816648	12.049868
	1061167265	-0.32890347	8.513782	12.097752
	1061167269	-0.7849989	8.250419	12.296471
	1061167281	-1.3596073	8.066066	12.221053
	1061167281	-1.8204911	7.8326306	12.054656
	1061167284	-2.2310967	7.5944076	11.675175
	1061167298	-2.4549546	7.3059063	11.080215
	1061167298	-2.5052328	6.944382	10.389488
	1061167299	-2.5411458	6.578069	9.709536
	1061167313	-2.482488	6.205771	9.03437
	1061167313	-2.507627	5.827487	8.391527
	1061167313	-2.4561517	5.3235073	7.7079825
	1061167318	-2.3639748	4.8865657	6.9298673
	1061167331	-2.2562358	4.4484267	6.083517
	1061167332	-2.1137807	3.9923313	5.2096334
	1061167333	-2.0299838	3.6332011	4.4973583
	1061167347	-1.9856911	3.3363202	3.865289
	1061167347	-2.0635026	2.9951463	3.2894835
	1061167348	-2.2670097	2.8048072	2.8908489
	1061167353	-2.4812908	2.5809495	2.3521535
	1061167364	-2.7518356	2.3523033	1.9607016
	1061167365	-2.9433718	2.1511903	1.6183307
	1061167368	-3.114557	1.9536686	1.347786
	1061167382	-3.207931	1.8267759	1.1191397
	1061167382	-3.219902	1.6771383	1.1646295
	1061167382	-3.230676	1.5502456	1.2340614
	1061167397	-3.2857425	1.4652514	1.3418005
	1061167397	-3.3683424	1.246182	1.3549685
	1061167398	-3.3922846	0.9648633	1.3693337
	1061167402	-3.2881367	0.7505822	1.3286324
	1061167413	-3.182792	0.5398925	1.3705308
	1061167414	-3.066673	0.32321724	1.2556092
	1061167417	-3.0163949	0.23822308	1.1311107
	1061167432	-3.0403368	0.08140286	1.0090064
	1061167432	-3.0942063	-0.0035913025	1.229273
	1061167433	-2.9613283	-0.1400608	1.7452234
	1061167448	-2.7829602	-0.29688102	2.5269303
	1061167448	-2.7159226	-0.23104046	3.543269
	1061167448	-2.709937	-0.059855044	4.516512
	1061167452	-2.8332384	0.2633622	5.452645
	1061167464	-3.0977976	0.79248077	6.1732993
	1061167464	-3.5610757	1.4951789	6.739528
	1061167468	-4.2003274	2.445677	6.662914
	1061167482	-4.886266	3.466804	6.370821
	1061167482	-5.5494604	4.584896	5.986552
	1061167482	-6.2557497	5.627571	5.3700447
	1061167486	-6.9153523	6.657078	4.5608044
	1061167498	-7.4971433	7.6387005	4.12506
	1061167498	-7.896975	8.401254	4.342932
	1061167501	-8.145972	8.747216	5.2730794
	1061167512	-8.020276	8.760384	6.964583
	1061167512	-7.529465	8.555679	9.370756
	1061167516	-6.8710594	8.081628	12.192323
	1061167531	-6.1001267	7.6387005	15.392173
	1061167531	-5.3495445	7.2185183	18.553717
	1061167531	-4.584597	6.908469	18.71293
	1061167535	-3.8076785	6.6642604	18.71293
	1061167547	-3.2210991	6.6870055	18.71293
	1061167548	-2.647688	6.8653736	18.71293
	1061167550	-2.2394764	7.1766195	18.71293
	1061167563	-2.033575	7.5788455	18.71293
	1061167563	-1.8324621	8.032547	18.71293
	1061167565	-1.5930419	8.4108305	18.71293
	1061167580	-1.3476362	8.77834	18.71293
	1061167580	-1.0735002	9.039309	17.982698
	1061167581	-0.76225394	9.165004	17.189022
	1061167585	-0.5336077	9.267955	16.564135
	1061167598	-0.3528455	9.216479	16.159515
	1061167598	-0.14335282	9.084799	15.85186
	1061167600	0.09487024	8.902839	15.583709
	1061167615	0.35583824	8.59279	15.368231
	1061167615	0.5832874	8.288726	15.125219
	1061167615	0.9268553	7.920019	14.812777
	1061167619	1.1782465	7.6530657	14.326754
	1061167631	1.4248493	7.338228	13.777284
	1061167631	1.6977882	7.035362	13.166762
	1061167634	1.9372084	6.63553	12.47843
	1061167647	2.2113445	6.301539	11.644051
	1061167648	2.4136546	5.9962783	10.825233
	1061167649	2.54773	5.628768	9.999234
	1061167663	2.6530747	5.3223104	9.169642
	1061167663	2.7931356	4.9428296	8.48131
	1061167664	2.8601732	4.5382094	7.782203
	1061167669	2.9008746	4.203021	7.212383
	1061167679	2.9128456	3.8618474	6.8400846
	1061167679	2.9236195	3.5182793	6.428282
	1061167685	3.0205848	3.1376014	6.1122475
	1061167698	3.1402948	2.7246015	5.7495255
	1061167698	3.2899325	2.3187842	5.464616
	1061167698	3.3725324	1.9476831	5.2395606
	1061167715	3.6083612	1.483208	5.1138654
	1061167715	3.9591117	0.92416185	5.1402016
	1061167716	4.327819	0.37948096	5.2479405
	1061167718	4.591181	-0.062249243	5.4358854
	1061167731	4.7515926	-0.415394	5.6381955
	1061167731	4.805462	-0.6859388	5.6741085
	1061167733	4.861726	-0.8631097	5.572355
	1061167748	4.74441	-1.0175357	5.186888
	1061167748	4.5516768	-1.0785879	4.588338
	1061167748	4.3912654	-1.0702082	3.805434
	1061167753	4.250007	-1.1109096	2.9435213
	1061167771	4.1231146	-1.0414777	2.1666028
	1061167772	4.045303	-1.0271125	1.4196119
	1061167773	4.058471	-1.033098	0.94436294
	1061167773	4.0620623	-0.9792285	0.5337573
	1061167784	4.13748	-0.92655605	0.44038346
	1061167785	4.162619	-0.89782566	0.5397428
	1061167796	4.3373957	-0.9780314	1.0054151
	1061167796	4.4894276	-1.0163386	1.4112322
	1061167797	4.600758	-0.9888053	1.7152959
	1061167802	4.709694	-0.89064306	2.0923827
	1061167813	4.7396216	-0.79248077	2.668188
	1061167813	4.813842	-0.6811504	3.2451909
	1061167817	4.795885	-0.48841715	4.0173206
	1061167829	4.792294	-0.15203181	4.7032595
	1061167831	4.7731404	0.19991584	5.3173723
	1061167832	4.793491	0.6536171	5.777059
	1061167837	4.6713867	1.1683705	5.9039516
	1061167857	4.470274	1.6938977	5.9733834
	1061167857	4.1937437	2.4528596	5.648969
	1061167857	3.9722798	3.3399115	5.0599957
	1061167857	3.8214452	4.332308	4.532074
	1061167861	3.5832222	5.327099	3.969437
	1061167866	3.3294368	6.247669	3.7599442
	1061167880	3.0900166	7.1610575	4.0915413
	1061167880	2.784756	7.9152308	4.8804307
	1061167881	2.371756	8.491036	6.2714615
	1061167886	1.8474259	8.9602995	8.2059765
	1061167895	1.491887	9.264363	10.4589205
	1061167896	1.4811131	9.489418	12.850728
	1061167903	1.7456723	9.526528	15.429283
	1061167916	2.265214	9.41041	17.732506
	1061167916	2.8877065	9.228451	18.71293
	1061167917	3.3222542	9.054871	18.71293
	1061167932	3.6730046	8.89446	18.71293
	1061167932	3.92679	8.902839	18.71293
	1061167932	4.235642	8.990228	18.71293
	1061167935	4.5289316	9.167398	18.71293
	1061167947	4.7623663	9.42238	18.419641
	1061167947	4.8102503	9.768343	16.761656
	1061167950	4.819827	10.126276	15.001918
	1061167966	4.730045	10.498574	13.252954
	1061167967	4.530129	10.791864	11.695526
	1061167967	4.2428246	11.066	10.464906
	1061167970	3.8106713	11.221623	9.540744
	1061167981	3.321057	11.349713	9.103803
	1061167982	2.7656024	11.32218	9.006837
	1061167985	2.0676925	11.09473	9.167249
	1061167995	1.4547768	10.83496	9.443779
	1061167996	0.7460931	10.553641	9.50124
	1061167999	0.12958616	10.278308	9.714324
	1061168013	-0.3660136	9.876082	9.849596
	1061168013	-0.8185177	9.437943	9.842414
	1061168014	-1.2279263	9.101558	9.953744
	1061168019	-1.5535376	8.718486	9.946561
	1061168032	-1.7797897	8.327033	9.788544
	1061168033	-1.996465	7.867347	9.6149645
	1061168034	-2.1664534	7.3645644	9.369558
	1061168047	-2.342427	6.9348054	8.943391
	1061168047	-2.5100212	6.518214	8.496872
	1061168049	-2.685995	6.0525417	8.099435
	1061168064	-2.8619688	5.6084175	7.70918
	1061168064	-2.9038675	5.187038	7.2183685
	1061168065	-2.8619688	4.759673	6.7898064
	1061168068	-2.9050646	4.3538556	6.155343
	1061168080	-2.9852703	4.0773253	5.565172
	1061168080	-3.0798411	3.70383	4.936694
	1061168083	-3.136105	3.4129345	4.2196307
	1061168097	-3.2091281	3.1016884	3.3002574
	1061168098	-3.2139165	2.8443117	2.4958057
	1061168098	-3.2163107	2.585738	1.7823335
	1061168103	-3.2402527	2.3594859	1.2963105
	1061168115	-3.218705	2.2301989	1.0700585
	1061168115	-3.2019455	2.0111294	0.94795424
	1061168120	-3.255815	1.9117701	0.93358904
	1061168131	-3.27856	1.6831238	1.2005426
	1061168131	-3.3252468	1.4449008	1.4172177
	1061168133	-3.4593222	1.271321	1.728464
	1061168145	-3.6771946	1.1240777	2.01098
	1061168146	-3.9046438	1.1133038	2.1426609
	1061168147	-4.1548376	1.0402806	2.216881
	1061168152	-4.347571	0.9564836	2.1941361
	1061168165	-4.618116	0.878672	2.1259015
	1061168165	-4.9245734	0.78290397	2.1235073
	1061168167	-5.2549734	0.6332663	1.9618987
	1061168183	-5.4213705	0.5626374	1.5177742
	1061168183	-5.4465094	0.61530983	0.9838673
	1061168183	-5.312434	0.7110779	0.7468413
	1061168198	-5.080197	0.6739678	0.96950203
	1061168199	-5.0179477	0.6823475	1.7990929
	1061168199	-5.2513824	0.7613561	3.093159
	1061168202	-5.420173	0.7673417	4.450671
	1061168214	-5.47524	0.8319851	6.099079
	1061168214	-5.5291095	1.0462662	7.885154
	1061168217	-5.656002	1.4329298	9.702353
	1061168230	-5.968446	2.0111294	11.447726
	1061168230	-6.5011554	2.9161377	12.800449
	1061168231	-7.2337813	3.927688	13.467235
	1061168236	-7.8778214	4.947618	13.424139
	1061168248	-8.253711	5.9388175	12.643629
	1061168248	-8.165126	6.907272	11.220277
	1061168251	-7.7341695	7.7440453	9.50124
	1061168265	-7.128436	8.555679	8.183231
	1061168265	-6.356306	9.060856	7.617003
	1061168266	-5.7134633	9.345766	7.579893
	1061168280	-4.972458	9.543288	8.179641
	1061168280	-4.2685623	9.500193	9.444976
	1061168283	-3.6376903	9.28232	11.415404
	1061168286	-3.4425628	8.991425	13.590536
	1061168297	-3.5000236	8.643068	15.751304
	1061168297	-3.6604352	8.359355	17.865383
	1061168300	-3.7442322	8.285135	18.71293
	1061168314	-3.8531682	8.400057	18.71293
	1061168314	-3.8747163	8.544906	18.71293
	1061168315	-3.7023337	8.668207	18.71293
	1061168330	-3.3755252	8.734048	18.71293
	1061168330	-3.1277254	8.820239	18.71293
	1061168331	-3.0223804	8.844181	18.71293
	1061168347	-3.0630817	8.831013	18.71293
	1061168348	-3.1301196	8.845378	18.71293
	1061168348	-3.102586	8.815451	18.71293
	1061168350	-2.8631659	8.771158	18.71293
	1061168364	-2.5531168	8.7292595	18.71293
	1061168364	-2.1568766	8.7053175	18.607586
	1061168365	-1.7905636	8.635885	17.306337
	1061168370	-1.4003087	8.540117	16.16191
	1061168382	-0.8903438	8.407239	15.16233
	1061168382	-0.34925416	8.2169	14.257321
	1061168384	0.11282676	8.000225	13.478009
	1061168398	0.4540005	7.854179	12.702288
	1061168399	0.67187285	7.4950485	12.064233
	1061168399	0.8490438	7.132327	11.46688
	1061168415	0.9639655	6.6367273	10.916213
	1061168415	1.124377	6.051345	10.332027
	1061168415	1.2955624	5.4863133	9.892692
	1061168419	1.4176667	4.8602295	9.26182
	1061168429	1.5720927	4.2820296	8.583063
	1061168430	1.6295536	3.6858735	7.8588176
	1061168434	1.7265188	3.0346506	7.049577
	1061168446	1.7935563	2.493561	6.2080154
	1061168446	1.8653824	1.8902222	5.4179287
	1061168448	1.9934722	1.3599066	4.462642
	1061168464	2.18022	0.8870517	3.7036803
	1061168464	2.3909097	0.37229836	3.0368953
	1061168464	2.6004024	-0.073023155	2.5281274
	1061168468	2.7751791	-0.39863458	1.9642929
	1061168482	2.9236195	-0.7254431	1.7464205
	1061168482	2.880524	-0.94211835	1.4279916
	1061168483	2.8182747	-1.067814	1.1394904
	1061168498	2.7129297	-1.1528081	0.95034844
	1061168499	2.643498	-1.1468226	0.8964789
	1061168500	2.6734254	-1.1803415	0.83303255
	1061168503	2.7260978	-1.1528081	0.6570587
	1061168514	2.8601732	-1.1109096	0.4798878
	1061168514	3.1235354	-1.0737995	0.15786767
	1061168517	3.318663	-1.0151415	-0.0899322
	1061168529	3.5317469	-1.009156	-0.30301616
	1061168530	3.7089176	-1.0654198	-0.3748422
	1061168532	3.8286278	-1.127669	-0.21083939
	1061168547	3.8573582	-1.0737995	0.048931498
	1061168547	3.937564	-1.1025299	0.31468788
	1061168548	4.058471	-1.1145009	0.81507605
	1061168570	4.2332478	-0.9995792	1.3813047
	1061168570	4.3769	-0.90261406	1.9319712
	1061168570	4.5289316	-0.7517793	2.416797
	1061168570	4.640262	-0.6368576	3.1194952
	1061168584	4.7168765	-0.48243165	3.8581064
	1061168584	4.7168765	-0.19033903	4.5835495
	1061168584	4.503793	0.32441434	5.2479405
	1061168596	4.3254247	0.8379706	5.708824
	1061168596	4.202123	1.4580688	5.920711
	1061168597	4.1530423	2.1978772	5.822549
	1061168601	3.9303813	3.1352072	5.0923176
	1061168612	3.4575264	3.776853	4.1657615
	1061168612	3.35697	4.390966	3.6545992
	1061168616	3.5066078	5.2648497	3.5863645
	1061168631	3.6789901	6.337452	3.8796542
	1061168631	3.7963061	7.3047094	4.208857
	1061168631	3.9567175	7.8865004	4.520103
	1061168636	4.0010104	8.166622	5.088726
	1061168649	3.902848	8.160637	6.229563
	1061168649	3.5856164	8.152257	7.854029
	1061168651	3.2205005	8.045714	10.1404915
	1061168664	2.942773	7.8493905	12.897415
	1061168664	2.70455	7.6003933	15.748909
	1061168666	2.50224	7.37055	18.286762
	1061168680	2.3430257	7.1526775	18.71293
	1061168680	2.1371243	7.017405	18.71293
	1061168681	1.8785505	6.9886746	18.71293
	1061168685	1.6295536	7.001843	18.71293
	1061168697	1.5170261	7.0820484	18.71293
	1061168697	1.552939	7.2687964	18.71293
	1061168700	1.6858172	7.454347	18.71293
	1061168715	2.003049	7.644686	18.71293
	1061168715	2.3166895	7.9391727	17.262045
	1061168717	2.6518776	8.59279	15.916503
	1061168732	2.6818051	8.519767	14.714614
	1061168732	2.9499557	8.495825	13.687502
	1061168732	3.283947	8.763975	12.842348
	1061168735	3.2923267	8.995016	11.89185
	1061168749	3.2623992	9.040505	10.959309
	1061168749	3.1115644	8.962694	10.06268
	1061168750	2.9607296	8.789114	9.314492
	1061168763	2.6135705	8.655039	8.7231245
	1061168763	2.1993735	8.497022	8.525602
	1061168764	1.8103157	8.286332	8.532785
	1061168784	1.2895769	7.988254	8.568698
	1061168785	0.69701195	7.651869	8.719533
	1061168785	0.1894412	7.4244194	8.802133
	1061168785	-0.23552959	7.074866	9.132533
	1061168800	-0.59705406	6.7588315	9.570672
	1061168801	-1.0304046	6.4727244	9.964518
	1061168801	-1.3201029	6.133945	10.103381
	1061168812	-1.4685434	5.78918	10.188375
	1061168813	-1.5379753	5.5150437	10.051907
	1061168814	-1.3835493	5.3582234	9.936984
	1061168819	-0.100257196	5.3713913	9.802909
	1061168830	-1.5667057	4.9775453	8.6512985
	1061168830	-1.9868882	4.939238	7.214777
	1061168833	-1.9785085	4.533421	6.662914
	1061168849	-1.8707694	4.1814733	6.2810383
	1061168849	-1.5738883	4.132392	5.9338794
	1061168849	-1.4661492	3.9803603	5.678897
	1061168853	-1.4709376	3.7924154	5.5352445
	1061168867	-1.5655086	3.6116533	5.526865
	1061168867	-1.6780361	3.3722332	5.3640594
	1061168868	-1.8587984	3.169923	5.183297
	1061168889	-1.8468274	2.991555	4.872051
	1061168889	-1.6588825	2.6036944	4.7834654
	1061168889	-1.6086043	2.3558946	5.1821
	1061168889	-1.6780361	2.243367	5.4478564
	1061168893	-1.8025346	2.2888567	5.464616
	1061168898	-2.0299838	2.2397757	5.289839
	1061168902	-2.3364415	2.0709844	4.338144
	1061168913	-2.530372	1.9847932	3.5360863
	1061168913	-2.6931777	1.9680338	3.4941878
	1061168917	-2.829647	1.8938135	3.8461354
	1061168931	-2.887108	1.8590976	3.9203556
	1061168932	-3.0116065	1.8171991	3.7874775
	1061168934	-2.9170356	1.7477672	3.6905122
	1061168949	-2.8128877	1.757344	3.4941878
	1061168949	-2.7350762	1.7190368	3.6665702
	1061168949	-2.5387516	1.6101006	4.1202717
	1061168957	-2.4549546	1.4305356	4.9510593
	1061168957	-2.6345196	1.2413936	6.1122475
	1061168966	-2.7877486	1.1192893	7.2961802
	1061168967	-2.7470472	1.1372458	8.363994
	1061168979	-2.6225486	1.2425907	9.12535
	1061168979	-2.390311	1.3156139	9.667637
	1061168981	-2.1113865	1.4149733	9.974094
	1061168995	-1.8444332	1.8531121	10.005219
	1061168996	-1.9078795	2.553416	9.723901
	1061168997	-2.1652563	3.539827	9.161263
	1061169001	-2.3208792	4.8039656	8.587852
	1061169015	-2.8332384	6.271611	8.007258
	1061169016	-3.6305077	7.797915	6.8017774
	1061169016	-4.311658	9.027337	5.0719666
	1061169031	-4.8503532	9.829395	3.3936312
	1061169031	-5.0514665	9.935937	2.4503157
	1061169031	-4.8611274	9.399636	2.5760114
	1061169036	-4.4146085	8.574833	3.793463
	1061169046	-3.8795047	7.711724	6.203227
	