	1061035784	-0.27623102	4.8527474	6.3488245
	1061035789	-0.29179335	4.881478	6.425439
	1061035801	-0.30017304	4.9365444	6.654085
	1061035801	-0.37918168	4.9628806	6.9126587
	1061035804	-0.48811787	5.071817	7.1927805
	1061035817	-0.5623381	5.1137156	7.482479
	1061035817	-0.62339026	5.1388545	7.7829514
	1061035819	-0.6616975	5.1592054	8.088212
	1061035823	-0.7670424	5.234623	8.18398
	1061035835	-0.8783727	5.3040547	8.374319
	1061035835	-0.73232645	5.2011037	8.607754
	1061035838	-0.45699325	5.1053357	8.962095
	1061035852	-0.29538465	5.0538607	9.009979
	1061035852	-0.1038485	5.0071735	9.049484
	1061035855	0.024241293	5.010765	8.942942
	1061035869	0.07212532	5.0047793	9.035119
	1061035870	0.20979193	5.047875	9.020754
	1061035870	0.2983774	5.118504	9.014768
	1061035873	0.3486556	5.130475	8.962095
	1061035884	0.48632222	5.214272	8.74542
	1061035884	0.6299743	5.3148284	8.54311
	1061035887	0.80475104	5.296872	8.407838
	1061035900	0.9460089	5.3375735	8.333617
	1061035901	0.5880758	5.432144	8.246229
	1061035905	0.09008184	5.6129065	8.453327
	1061035919	-0.07392098	5.746982	8.74542
	1061035920	0.24570495	5.8487353	8.944139
	1061035920	0.6168062	5.8511295	9.097368
	1061035922	0.89692783	5.8116255	9.34038
	1061035940	1.0752958	5.746982	9.612122
	1061035941	1.0489596	5.758953	9.630077
	1061035941	0.851438	6.0773816	9.701904
	1061035951	1.0441712	5.8690863	10.144831
	1061035952	1.2189479	5.702689	10.14124
	1061035952	1.4164696	5.56622	9.980828
	1061035957	1.598429	5.530307	9.857527
	1061035966	1.7444752	5.5997386	9.829993
	1061035967	1.8091186	5.7577558	9.61691
	1061035971	1.6989853	6.028301	9.590573
	1061035984	1.385345	6.3239846	9.015965
	1061035985	1.3171102	6.6065	8.533533
	1061035986	0.64912796	7.7138186	9.291298
	1061036002	0.54857147	7.596503	8.672397
	1061036002	0.79996264	7.0949173	8.218696
	1061036002	1.1734581	6.6531873	8.04751
	1061036006	1.6175826	6.3610945	7.9649105
	1061036020	1.9755157	6.2258224	8.024766
	1061036020	2.2388778	6.302437	8.107366
	1061036021	2.2197242	6.4317236	7.911041
	1061036037	2.1155765	6.5598135	7.6285253
	1061036037	1.9707273	6.636428	7.33763
	1061036037	1.7911621	6.7154365	7.2322845
	1061036041	1.6989853	6.752547	7.3364325
	1061036049	1.7863737	6.6196685	7.49445
	1061036050	1.9240403	6.5514336	7.873931
	1061036055	1.6259623	6.5035496	8.273763
	1061036067	1.3398551	6.4293294	8.513183
	1061036067	1.2871827	6.3754597	8.653243
	1061036072	1.3218986	6.328773	8.820838
	1061036088	1.3051392	6.2258224	9.072228
	1061036089	1.2345103	6.1109004	9.251794
	1061036089	1.2225392	6.018724	9.547478
	1061036090	1.136348	5.9672484	9.70789
	1061036102	0.82031333	6.1097035	9.718663
	1061036102	0.5126584	6.186318	9.613318
	1061036105	0.22415714	6.3000426	9.342773
	1061036117	-0.17447744	6.5957265	8.98484
	1061036117	-0.4007295	6.80881	8.489241
	1061036119	-0.42706573	6.8459206	8.03554
	1061036133	-0.3636194	6.6615667	7.7254906
	1061036133	-0.2582745	6.3515177	7.48607
	1061036134	-0.17447744	5.995979	7.2885485
	1061036139	-0.118213706	5.616498	7.177218
	1061036155	-0.07511808	5.274127	7.2969284
	1061036155	-0.16490065	5.156811	7.518392
	1061036155	-0.2594716	5.014356	7.5866265
	1061036171	-0.5276222	4.9568954	7.653664
	1061036171	-0.8029554	5.011962	7.7374616
	1061036171	-1.0974422	5.1352634	7.8224554
	1061036174	-1.3943232	5.1975126	7.993641
	1061036184	-1.6564883	5.234623	8.000824
	1061036184	-1.8635868	5.237017	8.079832
	1061036189	-2.0898387	5.163994	8.037933
	1061036201	-2.294543	5.0371013	8.003218
	1061036201	-2.482488	4.9700637	7.8942814
	1061036203	-2.602198	4.886266	7.713519
	1061036220	-2.792537	4.74022	7.5363483
	1061036220	-2.9038675	4.5175595	7.245453
	1061036220	-3.2402527	4.358345	6.997653
	1061036223	-3.6089597	4.3691187	6.8348475
	1061036241	-3.8304234	4.522348	6.9904704
	1061036242	-4.134487	5.1208982	8.094197
	1061036242	-4.360739	5.626075	9.405023
	1061036252	-4.278139	4.910208	8.32404
	1061036252	-4.367922	4.4385505	7.721899
	1061036253	-4.5570636	4.272154	7.639299
	1061036267	-4.4469304	4.1608233	7.6788034
	1061036267	-4.2027216	3.9776669	7.179612
	1061036268	-3.9058409	3.7885249	6.627749
	1061036272	-3.6508584	3.5933974	6.2446766
	1061036286	-3.6185367	3.3551743	5.6245785
	1061036287	-3.7023337	3.328838	4.6776714
	1061036289	-3.6197338	3.279757	3.7343562
	1061036303	-3.5371337	3.1205425	2.8449101
	1061036303	-3.431789	2.9314008	2.1350293
	1061036303	-3.527557	2.8116906	1.6825253
	1061036307	-4.1045594	2.9481602	1.4981717
	1061036317	-5.0011883	3.4258034	1.903989
	1061036318	-5.7062807	4.0470986	2.211644
	1061036322	-5.8475385	4.6133275	2.297835
	1061036334	-5.9253497	4.98802	2.7539306
	1061036334	-5.9085903	5.2322288	3.401562
	1061036337	-5.5889645	5.3112373	3.6864722
	1061036353	-5.26455	5.3734865	3.7989995
	1061036354	-5.202301	5.494394	4.0503907
	1061036354	-5.252579	5.620089	4.099472
	1061036356	-5.3279967	5.8212023	4.159327
	1061036371	-5.5267153	6.152799	4.258686
	1061036371	-5.738602	6.541857	4.675277
	1061036371	-5.804443	6.8543	5.3157263
	1061036385	-5.63206	7.05661	6.2183404
	1061036385	-5.3710923	7.0637927	7.3831196
	1061036387	-4.9796405	7.0482306	8.6017685
	1061036391	-4.6612115	6.966828	10.039486
	1061036402	-4.359542	6.946477	11.605294
	1061036402	-4.156035	6.815993	13.287221
	1061036406	-4.061464	6.7752914	14.973936
	1061036418	-3.980061	6.7154365	16.52538
	1061036418	-3.849577	6.6076975	18.060062
	1061036421	-3.6903627	6.5610104	18.713678
	1061036437	-3.5933974	6.468834	18.713678
	1061036437	-3.4473512	6.4736223	18.713678
	1061036438	-3.2234933	6.4424977	18.713678
	1061036441	-2.982876	6.517915	18.713678
	1061036453	-2.7135284	6.570587	18.713678
	1061036453	-2.3352444	6.6795235	18.713678
	1061036455	-1.8599955	6.826767	18.251598
	1061036471	-1.4039	6.9919667	17.77635
	1061036472	-0.9382278	7.19308	17.241245
	1061036472	-0.61022216	7.3822217	16.639103
	1061036487	-0.29179335	7.5318594	15.929222
	1061036488	-0.038007952	7.6551604	15.076886
	1061036488	0.23253684	7.6886797	14.290391
	1061036490	0.4623802	7.7605057	13.351864
	1061036505	0.69461775	7.840711	12.433688
	1061036505	0.9280524	7.8443027	11.364676
	1061036507	1.2404958	7.8119807	10.483611
	1061036518	1.4811131	7.8993692	9.693524
	1061036518	1.5864578	7.885004	8.999206
	1061036519	1.6690578	7.9604216	8.464102
	1061036525	1.7061679	7.900566	8.048708
	1061036533	1.6546926	7.8239517	7.7637978
	1061036534	1.6439188	7.6719203	7.555502
	1061036539	1.5577275	7.540239	7.510012
	1061036555	1.4284406	7.4241204	7.519589
	1061036556	1.3123218	7.2146277	7.5255747
	1061036557	1.1758523	7.029077	7.438186
	1061036572	1.0489596	6.820781	7.3232646
	1061036572	0.9795278	6.6256537	7.253833
	1061036573	0.8849568	6.459257	7.1808095
	1061036574	0.82629883	6.165967	7.055114
	1061036589	0.79038584	5.864298	7.0048356
	1061036589	0.8837597	5.4776344	6.91625
	1061036590	0.9316437	5.1711764	6.952163
	1061036602	1.005864	4.870704	6.96174
	1061036602	1.0549451	4.597765	7.0251865
	1061036603	1.1052234	4.337994	6.901885
	1061036619	1.1746552	4.037522	6.807314
	1061036619	1.3123218	3.692757	6.6588736
	1061036619	1.5673043	3.3827078	6.407482
	1061036623	1.8905215	3.0403368	6.0291986
	1061036639	2.2628198	2.7290907	5.7646394
	1061036639	2.6626515	2.4322097	5.3648076
	1061036640	3.0995934	2.1233575	5.075109
	1061036656	3.488651	1.8959085	4.768651
	1061036657	3.866935	1.6445173	4.6022544
	1061036657	4.130297	1.4362217	4.2419267
	1061036658	4.297891	1.2770073	3.9175124
	1061036669	4.3110595	1.1812392	3.603872
	1061036669	4.4044333	1.1142017	3.1705215
	1061036672	4.503793	1.1106104	2.8054059
	1061036688	4.730045	1.0854712	2.473809
	1061036688	4.9778447	1.1094133	2.2499511
	1061036688	5.1454387	1.0435727	2.143409
	1061036703	5.317821	1.0363901	2.0392613
	1061036704	5.468656	1.0327988	1.7375919
	1061036704	5.7140617	0.9980828	1.5388732
	1061036707	5.9774237	0.9873089	1.8908207
	1061036717	6.2371945	0.9370307	2.4941597
	1061036718	6.452673	0.9633669	3.1848867
	1061036723	6.6741366	0.9681553	3.9270895
	1061036734	6.845322	1.0064626	4.75668
	1061036734	7.046435	1.1034278	5.513248
	1061036736	7.164948	1.1525089	6.157288
	1061036751	7.176919	1.3129203	6.8109055
	1061036751	6.9841857	1.5212159	7.5124063
	1061036752	6.728006	1.6744448	8.397064
	1061036756	6.310218	2.0108302	9.264962
	1061036769	5.9654527	2.354398	10.247782
	1061036770	5.770325	2.7362733	11.174338
	1061036771	5.767931	3.0714614	12.023083
	1061036785	5.9977746	3.338415	12.74254
	1061036786	6.2240267	3.5479076	13.245322
	1061036786	6.3162036	3.7741597	13.643957
	1061036802	6.134244	4.0889974	14.030621
	1061036802	5.8110266	4.421791	14.351443
	1061036803	5.496189	4.79409	14.793174
	1061036806	5.2412066	5.044284	15.218144
	1061036818	5.0412908	5.331588	15.669452
	1061036818	4.8234186	5.5518546	16.192585
	1061036820	4.49661	5.700295	16.732477
	1061036835	4.0309377	5.864298	17.067665
	1061036836	3.5042136	6.004359	17.3011
	1061036836	3.0157964	6.0881557	17.327436
	1061036840	2.4771008	6.188712	17.243639
	1061036852	1.9515736	6.2892685	17.18498
	1061036852	1.4296377	6.400599	16.939575
	1061036855	0.79637134	6.493973	16.684593
	1061036869	0.25288755	6.642413	16.435596
	1061036869	-0.23552959	6.65199	16.199768
	1061036870	-0.60064536	6.618471	16.063297
	1061036885	-0.86879593	6.594529	15.941194
	1061036886	-1.1513118	6.544251	15.868171
	1061036886	-1.3344681	6.602909	15.722124
	1061036889	-1.5690999	6.6208653	15.606006
	1061036902	-1.7307086	6.674735	15.413272
	1061036903	-1.9701288	6.6316395	15.182232
	1061036904	-2.1844099	6.6591725	15.081676
	1061036918	-2.4094648	6.5741787	14.951191
	1061036918	-2.50643	6.534674	14.850635
	1061036919	-2.5363574	6.472425	14.687829
	1061036925	-2.422633	6.3838396	14.5346
	1061036937	-2.3328502	6.3598976	14.36102
	1061036937	-2.3627777	6.317999	13.912107
	1061036942	-2.4657285	6.3036337	13.500305
	1061036954	-2.5100212	6.2617354	12.797606
	1061036955	-2.4776995	6.03668	12.123639
	1061036955	-2.4405894	5.8475385	11.323976
	1061036970	-2.3280618	5.523124	10.50875
	1061036971	-2.1999722	5.1723733	9.689933
	1061036971	-2.1197662	4.820426	8.994417
	1061036974	-1.9413983	4.360739	8.1959505
	1061036986	-1.7965491	3.944148	7.177218
	1061036986	-1.6864158	3.5012207	6.297349
	1061036988	-1.6277579	3.1205425	5.4102974
	1061037006	-1.5954362	2.7793689	4.5783124
	1061037006	-1.759439	2.4441807	3.8361096
	1061037006	-2.032378	2.1101894	3.1118636
	1061037021	-2.3627777	1.865981	2.5528176
	1061037021	-2.7410617	1.676839	2.156577
	1061037021	-3.0714614	1.510442	1.858499
	1061037023	-3.2294788	1.3356652	1.6741456
	1061037038	-3.3563714	1.1333553	1.5101427
	1061037039	-3.4832642	0.9394249	1.1402385
	1061037039	-3.659238	0.7993641	0.919972
	1061037050	-3.9501336	0.61261636	0.6302736
	1061037050	-4.123713	0.46178165	0.41479546
	1061037052	-4.1967363	0.31932664	0.0700304
	1061037057	-4.1847653	0.12779051	-0.2172738
	1061037069	-4.193145	0.109834	-0.65421563
	1061037069	-4.2087073	0.12060791	-1.1976994
	1061037072	-4.2769423	0.07870938	-1.6777369
	1061037084	-4.3427825	0.087089084	-2.0919337
	1061037084	-4.490026	0.07032967	-2.2882583
	1061037087	-4.6504374	0.13736732	-2.1649568
	1061037102	-4.798878	0.23074119	-1.8106151
	1061037103	-4.853945	0.27982232	-1.3640964
	1061037104	-4.8515506	0.3552397	-0.66259533
	1061037107	-4.8491564	0.51924247	0.15143326
	1061037120	-4.865916	0.7754221	1.134253
	1061037121	-4.9975967	1.1441292	2.1254525
	1061037122	-5.1388545	1.5690999	3.1441853
	1061037135	-5.3830633	2.0275896	3.9905357
	1061037135	-5.626075	2.5363574	4.611831
	1061037137	-5.8750715	3.066673	5.1840453
	1061037152	-6.0713964	3.6975453	5.7059813
	1061037152	-6.0737906	4.310461	6.2123547
	1061037152	-5.9073935	4.9832315	6.9725137
	1061037158	-5.5434747	5.6727614	7.8452005
	1061037171	-5.1089272	6.3814454	8.771756
	1061037172	-4.5810056	6.9955583	9.861118
	1061037172	-3.850774	7.3558855	11.266515
	1061037189	-3.1815948	7.5929112	13.05618
	1061037189	-2.4812908	7.6779056	15.193006
	1061037189	-1.8480245	7.679103	17.327436
	1061037191	-1.237503	7.705439	18.713678
	1061037204	-0.59465986	7.632416	18.713678
	1061037204	-0.16849194	7.4037695	18.713678
	1061037206	0.07332243	7.175123	18.713678
	1061037219	0.11522096	7.0613985	18.713678
	1061037220	-0.054767363	7.175123	18.713678
	1061037220	-0.27503392	7.4265146	18.713678
	1061037235	-0.46537295	7.8957777	18.713678
	1061037236	-0.5419874	8.415319	18.713678
	1061037236	-0.5659294	9.018659	18.713678
	1061037240	-0.59465986	9.437644	18.42039
	1061037252	-0.43185413	9.811139	17.902044
	1061037252	-0.26306292	9.967959	17.443556
	1061037255	-0.03441665	10.100838	17.140688
	1061037269	0.13078327	10.130765	16.898874
	1061037270	0.40731356	10.1104145	16.470312
	1061037270	0.67306995	10.030209	16.027384
	1061037285	0.9639655	9.966763	15.522208
	1061037285	1.349432	9.854235	14.8590145
	1061037286	1.6127942	9.805154	14.114418
	1061037289	1.9276316	9.669882	13.276447
	1061037301	2.3430257	9.504682	12.448053
	1061037302	2.596811	9.265262	11.551425
	1061037304	2.8422167	9.010279	10.834361
	1061037319	2.9104514	8.718186	10.050261
	1061037319	2.98946	8.415319	9.400234
	1061037321	2.9439702	8.144774	8.734647
	1061037324	2.8733413	7.792827	8.200739
	1061037337	2.739266	7.4265146	7.653664
	1061037338	2.5644894	6.993164	7.2430587
	1061037339	2.4232314	6.626851	6.8121023
	1061037352	2.3023243	6.1587844	6.508039
	1061037352	2.2460604	5.7757125	6.1477113
	1061037354	2.09762	5.3040547	5.743091
	1061037366	1.9803041	4.8611274	5.20679
	1061037367	1.9826983	4.3774986	4.7016134
	1061037368	1.9635447	3.8579566	4.18686
	1061037383	1.9695302	3.491644	3.6864722
	1061037383	2.0581157	3.0523078	3.2902317
	1061037383	2.194585	2.6189573	2.9227216
	1061037389	2.466327	2.1640592	2.5995045
	1061037405	2.6506805	1.7546506	2.5049336
	1061037405	2.8960862	1.4242507	2.5516205
	1061037405	3.096002	1.0495582	2.6282349
	1061037417	3.1774049	0.7838018	2.6222494
	1061037417	3.1331122	0.44861355	2.5995045
	1061037418	3.082834	0.1062427	2.48578
	1061037423	3.0971992	-0.22296004	2.271499
	1061037434	3.1953614	-0.48751932	1.8896236
	1061037435	3.3904889	-0.7269395	1.4826094
	1061037438	3.7603931	-0.9436147	0.6865373
	1061037463	4.234445	-1.1375451	0.108337626
	1061037464	4.5863924	-1.2883798	-0.6123171
	1061037464	4.8832736	-1.4116812	-0.86251116
	1061037464	5.1777606	-1.5026609	-0.9271546
	1061037465	5.602731	-1.7001824	-0.6889315
	1061037467	6.184522	-1.801936	-0.24959552
	1061037472	6.73878	-1.8701708	0.4878186
	1061037483	7.1817074	-1.8893244	1.264737
	1061037484	7.4223247	-1.9000983	2.2056582
	1061037487	7.6797013	-1.8905215	3.4051533
	1061037501	7.75033	-1.848623	4.7866077
	1061037501	7.604284	-1.5565304	6.133346
	1061037502	7.380426	-1.1902175	7.0491285
	1061037507	7.1972694	-0.863409	7.814076
	1061037523	6.9123597	-0.5210382	8.156446
	1061037523	6.741174	0.020051438	8.27496
	1061037523	6.5640035	0.6533178	8.284536
	1061037535	6.276699	1.4805145	8.257003
	1061037535	5.802647	2.4286184	8.255806
	1061037538	5.4159837	3.4222121	8.54311
	1061037551	5.0772038	4.367922	9.171588
	1061037551	4.8222213	5.154417	10.1304655
	1061037552	4.7503953	5.816414	11.612476
	1061037556	4.748001	6.332364	13.654731
	1061037568	4.9371433	6.6232595	15.971121
	1061037568	5.204097	6.672341	18.362928
	1061037571	5.668572	6.6495957	18.713678
	1061037589	6.112696	6.508338	18.713678
	1061037589	6.5292873	6.2617354	18.713678
	1061037589	6.7256117	6.1312513	18.713678
	1061037603	6.6023107	6.1911063	18.713678
	1061037603	6.2240267	6.282086	18.713678
	1061037603	5.728427	6.5274916	18.713678
	1061037606	4.9550996	6.9416885	18.713678
	1061037618	4.0752306	7.63481	18.70051
	1061037618	3.15466	8.290821	17.68058
	1061037620	2.2376807	8.787618	17.003021
	1061037636	1.3865421	9.192238	16.745646
	1061037636	0.5246295	9.412505	16.952744
	1061037637	-0.26545712	9.525032	17.459118
	1061037640	-1.0256162	9.636363	17.985842
	1061037656	-1.7163434	9.599253	18.681356
	1061037657	-2.2741923	9.477148	18.713678
	1061037658	-2.7494414	9.339481	18.713678
	1061037672	-3.15885	9.151537	18.713678
	1061037672	-3.506009	8.938453	18.713678
	1061037673	-3.8064814	8.727763	18.676569
	1061037675	-3.990835	8.403349	17.770363
	1061037688	-4.185962	8.087314	16.774376
	1061037688	-4.322432	7.63481	15.7029705
	1061037690	-4.371513	7.2146277	14.472351
	1061037705	-4.415806	6.710648	13.128007
	1061037705	-4.4409447	6.246173	11.659163
	1061037705	-4.40982	5.7517705	10.064626
	1061037718	-4.296096	5.259762	8.289325
	1061037718	-4.3092637	4.818032	6.6241574
	1061037719	-4.346374	4.420594	4.917092
	1061037724	-4.49242	4.038719	3.4614172
	1061037735	-4.7689505	3.704728	2.2870612
	1061037735	-5.110124	3.4138324	1.6190789
	1061037739	-5.5279126	3.1492732	1.2814964
	1061037751	-5.9648542	2.8679543	1.3533225
	1061037752	-6.5119295	2.697966	1.6334441
	1061037755	-7.041048	2.5160067	2.0177135
	1061037771	-7.494749	2.410662	2.3409307
	1061037771	-7.846697	2.2717981	2.5779567
	1061037771	-8.118439	2.1903954	2.818574
	1061037773	-8.4225025	2.0527287	3.1022868
	1061037785	-8.696638	1.9557635	3.3836055
	1061037785	-8.790012	1.8994998	3.4626143
	1061037788	-8.70023	1.6516999	2.9885623
	1061037800	-8.254909	1.3416507	2.2918496
	1061037800	-7.789236	1.0040684	1.3976152
	1061037803	-7.408558	0.76464814	0.45190558
	1061037817	-7.1416044	0.61860186	-0.6051345
	1061037818	-6.902184	0.5707178	-1.7328035
	1061037818	-6.720225	0.43065703	-2.7084408
	1061037823	-6.3706713	0.42706573	-3.567959
	1061037838	-5.9457006	0.33488896	-4.2275615
	1061037839	-5.4117937	0.31693244	-4.634576
	1061037839	-5.1508255	0.41988313	-4.693234
	1061037852	-5.1017447	0.45220485	-4.196437
	1061037853	-5.094562	0.47973818	-3.3213563
	1061037853	-5.130475	0.43903673	-2.1098902
	1061037857	-5.344756	0.49889177	-0.76195467
	1061037869	-5.702689	0.59944826	0.7152678
	1061037870	-6.08217	0.83048874	2.202067
	1061037872	-6.448483	1.1201872	3.567959
	1061037884	-6.7058597	1.4206594	4.9661727
	1061037884	-6.9560537	1.7929578	6.1129956
	1061037887	-7.195474	2.2514474	7.1305313
	1061037902	-7.5198884	2.8069022	7.978079
	1061037902	-7.554604	3.492841	8.330027
	1061037902	-7.2625117	4.2805333	8.359954
	1061037907	-6.6807203	5.1137156	8.024766
	1061037919	-5.9816136	5.786486	7.5985975
	1061037919	-5.216666	6.3874307	7.32925
	1061037921	-4.3056726	6.9919667	7.1089835
	1061037937	-3.2402527	7.4959464	6.83365
	1061037937	-2.0192099	7.8443027	7.137714
	1061037937	-1.0244191	8.037036	7.755418
	1061037953	-0.28341362	8.144774	9.014768
	1061037953	0.23373394	8.1998415	10.720636
	1061037953	0.5282208	8.217798	12.635998
	1061037956	0.5234324	8.28723	14.51784
	1061037969	0.37140054	8.378209	16.038158
	1061037969	0.044592008	8.439261	17.437569
	1061037972	-0.3624223	8.531439	18.7053
	1061037986	-0.62578446	8.734945	18.713678
	1061037986	-0.9549872	8.954015	18.713678
	1061037986	-1.2794015	9.303569	18.713678
	1061037991	-1.6516999	9.661502	18.713678
	1061038001	-1.8288708	9.984719	18.713678
	1061038002	-1.8456303	10.30195	18.713678
	1061038005	-1.8516158	10.732907	18.713678
	1061038017	-1.6924013	11.112388	18.713678
	1061038018	-1.3380594	11.397298	18.713678
	1061038020	-0.952593	11.481095	18.713678
	1061038036	-0.26066872	11.4559555	17.293917
	1061038036	0.23612814	11.390116	15.65748
	1061038036	0.78679454	11.374553	14.218565
	1061038040	1.3242928	11.251251	12.879009
	1061038053	1.8893244	11.083657	11.63163
	1061038053	2.3909097	10.894516	10.4967785
	1061038055	2.881721	10.626365	9.661202
	1061038068	3.2456396	10.331878	9.126099
	1061038069	3.556886	10.109218	8.47727
	1061038069	3.7975032	9.862615	7.9996266
	1061038084	4.035726	9.618406	7.3807254
	1061038084	4.321833	9.278429	6.988076
	1061038084	4.4056306	8.7888155	7.008427
	1061038091	4.3026795	8.366239	7.102998
	1061038104	4.1099467	7.8802156	7.179612
	1061038104	3.8118684	7.4097548	7.3507977
	1061038104	3.593996	6.969222	7.6333137
	1061038123	3.4192193	6.4915786	7.832032
	1061038124	3.0397384	6.012738	7.751827
	1061038124	2.6853964	5.5913587	7.6800003
	1061038124	2.2592285	5.140052	7.4764934
	1061038134	2.0018518	4.669591	7.316082
	1061038136	1.9012954	4.2087073	6.940192
	1061038138	2.025794	3.6999395	6.5726824
	1061038150	2.2843678	3.2354643	6.151303
	1061038151	2.6231472	2.6440966	5.769428
	1061038153	3.0074167	2.008436	5.233126
	1061038170	3.3054948	1.4027029	4.6513352
	1061038170	3.713706	0.9298481	3.9402575
	1061038170	4.0309377	0.47854108	3.1896753
	1061038173	4.3697176	0.16250645	2.28347
	1061038187	4.6438537	-0.20620061	1.4191631
	1061038188	4.923975	-0.54617727	0.8086416
	1061038189	5.055656	-0.78080904	0.24600422
	1061038200	5.0376997	-0.9208698	0.0053869537
	1061038201	5.0748096	-1.0729016	0.073621705
	1061038203	5.168184	-1.2835914	0.28191724
	1061038217	5.2603602	-1.4404116	0.7392098
	1061038218	5.2615576	-1.6151884	1.347337
	1061038218	5.2627544	-1.7923592	2.0368671
	1061038222	5.3657055	-1.9467852	2.7323828
	1061038237	5.4159837	-2.016217	3.4314895
	1061038238	5.4399257	-2.0641012	3.934272
	1061038238	5.4016185	-2.0341737	4.3580456
	1061038252	5.374085	-2.0102315	4.609437
	1061038252	5.478233	-1.7803882	4.694431
	1061038252	5.770325	-1.5613188	4.6285906
	1061038257	6.0935426	-1.2345103	4.326921
	1061038267	6.3162036	-0.79996264	3.888782
	1061038268	6.414366	-0.3079542	3.4374752
	1061038272	6.3676786	0.2475006	3.031658
	1061038284	6.1761427	0.8939351	2.6916811
	1061038284	5.979818	1.6445173	2.6641479
	1061038287	5.832575	2.330456	3.2076318
	1061038304	5.6170964	2.9900587	4.3688197
	1061038304	5.2507834	3.693954	6.199187
	1061038305	4.9155955	4.4110174	8.391078
	1061038307	4.6115317	5.058649	10.526707
	1061038319	4.3086653	5.593753	12.608464
	1061038319	3.996222	5.914576	14.717756
	1061038321	3.793912	6.3479266	16.637907
	1061038335	3.6957495	6.6914945	18.042105
	1061038336	3.5832222	7.068581	18.713678
	1061038336	3.4323874	7.37863	18.713678
	1061038341	3.3497875	7.6659346	18.713678
	1061038352	3.3174658	7.8778214	18.713678
	1061038353	3.2540195	8.112453	18.379688
	1061038356	3.1115644	8.527847	17.64347
	1061038369	2.990657	8.833108	16.816275
	1061038369	2.83264	9.171887	16.172234
	1061038371	2.5872343	9.477148	15.604808
	1061038385	2.3202808	9.5848875	15.345037
	1061038386	2.0712838	9.732131	15.340249
	1061038386	1.7887679	9.8398695	15.633538
	1061038390	1.5912462	9.859023	16.291945
	1061038402	1.3230957	9.819519	16.915634
	1061038402	1.1267712	9.710583	17.512987
	1061038407	0.8681974	9.6567135	17.93676
	1061038419	0.5342063	9.648334	18.524538
	1061038419	0.25408465	9.594464	18.713678
	1061038420	-0.14454992	9.556157	18.713678
	1061038435	-0.54917	9.483133	18.713678
	1061038435	-0.9274539	9.394548	18.497004
	1061038435	-1.2518682	9.198224	18.049288
	1061038440	-1.5475521	9.13358	17.492636
	1061038451	-1.8061259	8.926482	16.783953
	1061038452	-2.0407577	8.65474	15.841834
	1061038454	-2.2670097	8.40694	14.812327
	1061038469	-2.459743	8.037036	13.489531
	1061038470	-2.615366	7.62643	12.237364
	1061038470	-2.769792	7.1535754	11.077373
	1061038475	-3.0104094	6.638822	10.001179
	1061038486	-3.2929251	6.0749874	9.033921
	1061038486	-3.5550902	5.533898	8.168418
	1061038489	-3.8423944	5.068226	7.4549456
	1061038502	-4.0650554	4.7210665	6.7546415
	1061038503	-4.2613797	4.2948985	6.165668
	1061038504	-4.3511624	3.790919	5.703587
	1061038521	-4.5271363	3.2653918	5.3420625
	1061038522	-4.727052	2.8799253	4.755483
	1061038522	-4.8395796	2.4765024	4.0863037
	1061038524	-4.9604864	2.0635026	3.7140055
	1061038535	-5.002385	1.6349405	3.0879216
	1061038535	-5.1089272	1.2339118	2.4366987
	1061038538	-5.203498	0.9071032	1.6861166
	1061038550	-5.23582	0.6593033	0.6817489
	1061038550	-5.3256025	0.3600281	-0.27712885
	1061038553	-5.4680576	0.22116438	-1.3796587
	1061038569	-5.656002	0.12539631	-2.367267
	1061038570	-5.8870425	0.03321955	-3.376423
	1061038570	-6.0881557	-0.0038905777	-4.4502225
	1061038573	-6.200683	-0.032621	-5.3205147
	1061038595	-6.352715	-0.082899235	-5.810129
	1061038595	-6.388628	-0.14634559	-5.8963203
	1061038596	-6.4293294	-0.20979193	-5.7466826
	1061038597	-6.380248	-0.25049335	-5.145738
	1061038598	-6.328773	-0.293589	-4.135385
	1061038602	-6.3718686	-0.27084407	-2.92751
	1061038607	-6.592135	-0.19542672	-1.477821
	1061038618	-6.8339496	-0.19901802	0.026934769
	1061038618	-6.9536595	-0.1882441	1.5975311
	1061038624	-6.9524627	-0.02184709	2.9251158
	1061038634	-7.0721726	0.28461072	4.1138372
	1061038634	-7.2242045	0.74070615	5.182848
	1061038637	-7.256526	1.2111667	5.7658362
	1061038654	-7.1332245	1.7091607	6.2446766
	1061038655	-6.9871783	2.25863	6.5032506
	1061038655	-6.6472015	2.9062617	6.3991027
	1061038659	-6.268918	3.5838206	6.2781954
	1061038671	-5.8367643	4.3308115	6.2482677
	1061038671	-5.4656634	5.0658317	6.0758853
	1061038672	-5.1005473	5.846341	6.120178
	1061038684	-4.5869913	6.556222	6.1381345
	1061038684	-3.9968204	7.163152	6.2482677
	1061038686	-3.2594063	7.565378	6.510433
	1061038700	-2.4178445	7.7676883	7.113772
	1061038701	-1.5272014	7.8658504	8.161235
	1061038701	-0.73950905	7.91972	9.668385
	1061038706	-0.31214404	8.218995	11.660361
	1061038720	2.992752E-4	8.408137	14.043789
	1061038721	0.43843818	8.360253	16.306309
	1061038721	0.8861539	8.368632	18.474258
	1061038738	1.1219828	8.660726	18.713678
	1061038738	1.172261	9.068936	18.713678
	1061038738	1.101632	9.532215	18.713678
	1061038741	0.9711481	9.997887	18.713678
	1061038749	0.78918874	10.439617	18.713678
	1061038751	0.6108207	10.859799	18.713678
	1061038755	0.38576576	11.278785	18.713678
	1061038766	0.38696286	11.652281	18.713678
	1061038766	0.38456866	11.86297	18.713678
	1061038770	0.5246295	12.005425	18.228853
	1061038792	0.708983	12.072463	17.228077
	1061038792	0.9675568	12.007819	16.257229
	1061038792	1.2524668	11.827057	15.283985
	1061038792	1.552939	11.690588	14.424467
	1061038807	1.9132664	11.488277	13.499107
	1061038807	2.1670518	11.258434	12.61445
	1061038807	2.5704749	10.945991	11.6747265
	1061038817	2.8493993	10.679037	10.78528
	1061038817	3.1163528	10.339061	9.948506
	1061038820	3.2767644	9.965566	9.139266
	1061038834	3.3461962	9.588478	8.607754
	1061038834	3.3880947	9.157522	8.201937
	1061038834	3.415628	8.648754	7.888296
	1061038841	3.4311903	8.205827	7.685986
	1061038853	3.2863412	7.7257895	7.3926964
	1061038853	3.0648775	7.231387	7.113772
	1061038854	2.7452514	6.820781	6.8970966
	1061038870	2.3645735	6.3718686	6.67683
	1061038870	2.0269911	5.9660516	6.5008564
	1061038870	1.7648259	5.5734024	6.2925606
	1061038874	1.4595652	5.2310314	6.163274
	1061038887	1.1746552	4.918588	6.187216
	1061038887	0.8562264	4.595371	6.5164185
	1061038889	0.6347627	4.3068695	6.949769
	1061038902	0.56173956	3.9716814	7.2490444
	1061038902	0.66229606	3.5311482	7.4992385
	1061038904	0.8622119	3.1875803	7.6440873
	1061038917	1.1985972	2.732682	7.480085
	1061038917	1.5936406	2.2981343	6.9844847
	1061038918	2.158672	1.9629462	6.2913637
	1061038923	2.7596169	1.5559318	5.348048
	1061038934	3.2743702	1.1525089	4.372411
	1061038934	3.6598365	0.71077865	3.4374752
	1061038938	3.9231987	0.32052374	2.5504234
	1061038954	4.0991726	-0.025438393	1.5616181
	1061038954	4.1829696	-0.41210195	0.66379243
	1061038954	4.3553524	-0.7508815	-0.074818805
	1061038970	4.5409026	-1.0429741	-0.6266823
	1061038970	4.6713867	-1.2381016	-1.0708067
	1061038971	4.6917377	-1.2967595	-1.2000936
	1061038973	4.568436	-1.373374	-1.1210849
	1061038986	4.476259	-1.4308348	-0.6841431
	1061038986	4.4403462	-1.4499884	-0.08559271
	1061038987	4.4283752	-1.4296377	0.5859809
	1061039001	4.3852797	-1.3302783	1.2970588
	1061039001	4.476259	-1.2440871	2.167351
	1061039004	4.758775	-1.1076176	3.09271
	1061039007	5.070021	-0.89812493	3.755904
	1061039018	5.326201	-0.7281366	4.4621935
	1061039018	5.5117517	-0.42646718	5.005677
	1061039022	5.624279	-0.04938041	5.361216
	1061039035	5.7236385	0.3552397	5.6150017
	1061039035	5.8050413	0.8005612	5.647323
	1061039037	5.767931	1.2470798	5.4641666
	1061039051	5.6254764	1.7450738	5.221155
	1061039051	5.4914007	2.2969372	4.941034
	1061039052	5.327398	2.8751369	4.9063177
	1061039069	5.2591634	3.5730467	4.929063
	1061039069	5.2615576	4.2206783	5.273828
	1061039069	5.275923	4.85993	5.9705405
	1061039071	5.2591634	5.4093995	7.1903863
	1061039087	5.1071315	5.936124	8.511986
	1061039087	4.9910126	6.356306	10.242993
	1061039087	4.9155955	6.642413	12.227787
	1061039103	4.8593316	6.911761	14.282012
	1061039103	4.804265	7.1080856	16.242863
	1061039103	4.658219	7.420529	17.81346
	1061039106	4.580407	7.670723	18.713678
	1061039122	4.3122563	7.9137344	18.713678
	1061039122	3.9782653	8.232163	18.614319
	1061039122	3.60477	8.673894	17.80867
	1061039139	3.190573	9.159917	16.799515
	1061039139	2.7763762	9.607632	15.634736
	1061039139	2.3250692	10.075699	14.611215
	1061039141	1.8797476	10.4767275	13.812748
	1061039153	1.4930841	10.819098	13.136386
	1061039154	1.1411364	11.071687	12.94485
	1061039155	0.8442554	11.253646	13.207015
	1061039167	0.5282208	11.28477	13.954006
	1061039167	0.1894412	11.277588	14.854226
	1061039170	-0.17567454	11.229704	15.647903
	1061039184	-0.32770637	11.118374	16.068087
	1061039185	-0.47255555	10.923246	16.265608
	1061039185	-0.58747727	10.756849	16.357784
	1061039190	-0.9094974	10.609606	16.3099
	1061039200	-1.2243348	10.559327	16.330252
	1061039200	-1.5762825	10.451589	16.121956
	1061039205	-1.9701288	10.3414545	15.716139
	1061039216	-2.25863	10.225336	15.109208
	1061039216	-2.458546	10.002675	14.452
	1061039221	-2.627337	9.766847	13.615227
	1061039237	-2.7266965	9.454403	12.783241
	1061039237	-2.7781718	8.986337	11.807604
	1061039237	-2.864363	8.5182705	10.824784
	1061039239	-3.006818	7.983166	9.950901
	1061039252	-3.2246904	7.456442	9.140464
	1061039252	-3.4832642	6.9596453	8.357559
	1061039254	-3.7394438	6.4413004	7.60578
	1061039270	-4.0878	6.006753	6.7534447
	1061039270	-4.367922	5.628469	5.927445
	1061039270	-4.572626	5.2178636	5.0667295
	1061039286	-4.736629	4.7593737	4.490924
	1061039286	-4.9856257	4.2937016	4.0096893
	1061039287	-5.226243	3.8447886	3.7247794
	1061039289	-5.487211	3.444957	3.506907
	1061039303	-5.7816978	3.1073744	3.435081
	1061039303	-6.165967	2.887108	3.164536
	1061039303	-6.460454	2.7302878	2.8748376
	1061039318	-6.7417727	2.5279777	2.5157075
	1061039318	-6.9273233	2.281375	2.0632033
	1061039318	-7.06499	1.9593548	1.6310499
	1061039323	-7.0099235	1.6624738	1.1893197
	1061039335	-6.9979525	1.3955203	0.83617496
	1061039335	-6.824373	1.2590508	0.44472298
	1061039338	-6.519112	1.0543466	0.13946225
	1061039352	-6.1791353	0.8771756	-0.12270284
	1061039352	-5.8846483	0.73831195	-0.40880993
	1061039353	-5.5745993	0.50607437	-0.5895722
	1061039370	-5.312434	0.29897594	-0.8265981
	1061039370	-5.0526633	0.16968904	-1.0336965
	1061039370	-4.8192286	0.1086369	-1.2850877
	1061039373	-4.511574	0.057161566	-1.3545196
	1061039385	-4.2434235	0.06075287	-1.2599486
	1061039386	-4.1165304	0.066738375	-0.9295488
	1061039387	-4.0411134	0.14095862	-0.46746787
	1061039404	-4.0674496	0.21278468	0.26036942
	1061039404	-4.308067	0.4019266	1.0588357
	1061039404	-4.6169186	0.62817866	1.7256209
	1061039407	-4.796484	0.9753379	2.3481133
	1061039418	-5.0275245	1.3883377	2.9586349
	1061039418	-5.276521	1.9330186	3.5045128
	1061039422	-5.4345384	2.5471313	3.994127
	1061039433	-5.673959	3.2977135	4.4633904
	1061039433	-5.661988	4.146458	4.935048
	1061039438	-5.4656634	5.011962	5.285799
	1061039450	-5.023933	5.9373207	5.6760535
	1061039450	-4.3774986	6.746561	6.0531406
	1061039451	-3.635296	7.3558855	6.531981
	1061039457	-2.7278936	7.8239517	7.0527196
	1061039474	-1.8516158	8.132804	7.8487916
	1061039475	-1.0699089	8.366239	8.913014
	1061039475	-0.34805706	8.323143	10.436924
	1061039477	0.20021512	8.284836	12.267291
	1061039486	0.56892216	8.192659	14.411299
	1061039487	0.7436989	8.160337	16.394896
	1061039500	0.82151043	8.191462	18.113932
	1061039500	0.81313074	8.263288	18.713678
	1061039501	0.6060323	8.550592	18.713678
	1061039506	0.16071078	8.920496	18.713678
	1061039517	-0.30017304	9.3622265	18.713678
	1061039517	-0.6820482	9.916484	18.713678
	1061039521	-1.0064626	10.422858	18.713678
	1061039535	-1.3368623	10.868179	18.713678
	1061039535	-1.5679028	11.246463	18.462288
	1061039536	-1.6672622	11.575665	17.797897
	1061039540	-1.6074072	11.878532	17.159842
	1061039553	-1.4027029	12.1406975	16.556503
	1061039553	-1.0399814	12.36695	15.954362
	1061039555	-0.5348048	12.405257	15.383345
	1061039569	0.08888474	12.302306	14.900913
	1061039569	0.69581485	12.134712	14.425664
	1061039570	1.2404958	11.90846	13.961188
	1061039586	1.7157447	11.785158	13.4739685
	1061039587	2.1275475	11.621156	12.857462
	1061039587	2.4699183	11.376947	12.249334
	1061039590	2.809895	11.052533	11.793239
	1061039602	2.977489	10.746075	11.255741
	1061039602	3.1127615	10.367791	10.818799
	1061039605	3.1343093	10.040982	10.319608
	1061039617	3.1522658	9.650728	9.795278
	1061039618	3.1151557	9.153931	9.154829
	1061039619	3.070863	8.670302	8.437765
	1061039624	2.9607296	8.21301	7.815273
	1061039634	2.7835588	7.673117	7.4226236
	1061039634	2.5872343	7.164349	7.0610995
	1061039639	2.41964	6.590938	6.699575
	1061039653	2.2676082	5.992388	6.229114
	1061039653	2.0760722	5.4788313	5.7418942
	1061039656	1.9575591	4.9245734	5.0439844
	1061039670	1.8079215	4.490026	4.299388
	1061039670	1.7432781	4.049493	3.6577415
	1061039670	1.6379333	3.5862148	3.2411506
	1061039674	1.6522985	3.170821	2.9813797
	1061039685	1.8701708	2.6584618	2.9682117
	1061039685	2.2484546	2.0251954	3.0963013
	1061039688	2.6279356	1.4649521	3.2435448
	1061039701	3.0289645	0.8783727	3.2638955
	1061039701	3.2875383	0.34685996	3.29502
	1061039703	3.4539351	-0.09127894	3.177704
	1061039719	3.6239235	-0.49949032	3.0125043
	1061039719	3.6837785	-0.8825626	2.6210523
	1061039719	3.7675757	-1.1471219	2.0787656
	1061039723	3.7520134	-1.3817537	1.5879543
	1061039737	3.8741176	-1.5792753	1.1079168
	1061039737	4.1087494	-1.728913	0.694917
	1061039738	4.3350015	-1.8306664	0.57760113
	1061039751	4.4894276	-1.9396026	0.5069722
	1061039752	4.485836	-2.0820577	0.7236475
	1061039753	4.536114	-2.061707	1.2814964
	1061039758	4.6438537	-2.0892403	2.023699
	1061039768	4.9287634	-1.9755157	2.9430726
	1061039768	5.171775	-1.8414404	3.781043
	1061039772	5.350143	-1.7193362	4.622605
	1061039789	5.466262	-1.5601217	5.4162827
	1061039789	5.304653	-1.2333132	6.269816
	1061039789	5.099949	-0.81552494	6.988076
	1061039801	4.993407	-0.26485857	7.4585366
	1061039802	4.926369	0.29897594	7.569867
	1061039802	4.7432127	0.9537901	7.213131
	1061039807	4.5875897	1.5643115	6.6959834
	1061039816	4.483442	2.2717981	5.78499
	1061039819	4.2512045	3.0092123	4.935048
	1061039822	4.0991726	3.8483799	4.3879733
	1061039833	3.9351697	4.632481	4.0934863
	1061039834	3.8226423	5.3471503	4.4741645
	1061039837	3.6346974	5.938518	5.503671
	1061039854	3.368941	6.33835	7.143699
	1061039855	3.2480338	6.5454483	9.123704
	1061039855	3.3126774	6.6196685	11.204266
	1061039856	3.4108396	6.7836714	13.489531
	1061039869	3.4850597	6.957251	15.614385
	1061039870	3.5389295	7.1475897	17.46989
	1061039873	3.4946368	7.3714476	18.607138
	1061039887	3.3545759	7.6431894	18.713678
	1061039888	3.1642368	7.9280996	18.713678
	1061039888	2.8493993	8.168717	17.860146
	1061039891	2.4615386	8.524256	16.675016
	1061039902	1.9527707	8.906131	15.528193
	1061039902	1.3566146	9.36103	14.5645275
	1061039906	0.90650463	9.7680435	13.825916
	1061039916	0.48033673	10.165482	13.441647
	1061039917	0.09487024	10.455179	13.368624
	1061039920	-0.21158758	10.64073	13.564948
	1061039933	-0.5527613	10.724527	14.009072
	1061039934	-0.7993641	10.776003	14.888942
	1061039935	-0.9789292	10.781988	15.914857
	1061039940	-1.0974422	10.791565	16.777967
	1061039955	-1.2829928	10.76044	17.544111
	1061039956	-1.5212159	10.743681	17.964294
	1061039956	-1.7618332	10.720936	18.129494
	1061039968	-1.8983027	10.700585	18.286314
	1061039968	-2.0730793	10.613197	18.159422
	1061039970	-2.05632	10.4527855	17.963097
	1061039985	-2.0156186	10.178649	17.538126
	1061039985	-1.9916766	9.945214	16.83902
	1061039985	-2.0347722	9.599253	15.975909
	1061039989	-2.1006126	9.293992	14.904504
	1061040003	-2.1209633	8.845078	13.896545
	1061040003	-2.161665	8.354267	12.667123
	1061040004	-2.367566	7.8478937	11.484387
	1061040019	-2.5734675	7.324761	10.122087
	1061040020	-2.817676	6.8016276	8.831612
	1061040020	-3.0499136	6.2761006	7.543531
	1061040024	-3.3420062	5.8140197	6.311714
	1061040035	-3.6364932	5.3172226	5.097854
	1061040036	-4.004003	4.82282	4.0695443
	1061040039	-4.384681	4.358345	3.104681
	1061040052	-4.7414174	3.9944263	2.356493
	1061040052	-4.9975967	3.5790322	1.9710265
	1061040054	-5.179556	3.2462382	1.821389
	1061040068	-5.214272	2.7745805	1.9099745
	1061040068	-5.210681	2.366369	1.9734207
	1061040069	-5.2418056	1.9653404	2.0428526
	1061040073	-5.2992663	1.6433202	2.1697452
	1061040085	-5.296872	1.3524247	2.1230583
	1061040086	-5.3148284	1.0854712	1.9710265
	1061040090	-5.286098	0.84126264	1.6897079
	1061040103	-5.1508255	0.60543376	1.2036849
	1061040103	-5.026327	0.3911527	0.65780693
	1061040103	-4.8192286	0.18405426	0.05805939
	1061040118	-4.5319247	-0.103249945	-0.4782418
	1061040119	-4.2565913	-0.3199252	-1.0408791
	1061040119	-4.048296	-0.49709612	-1.6358383
	1061040123	-3.8567595	-0.66229606	-2.1254525
	1061040135	-3.7526119	-0.79517424	-2.5300727
	1061040135	-3.6879685	-0.81313074	-2.7335799
	1061040138	-3.6556468	-0.81313074	-2.5600002
	1061040151	-3.7945104	-0.77003515	-1.9602526
	1061040151	-3.9956234	-0.7065888	-1.0253168
	1061040152	-4.1991305	-0.5102642	-0.095169514
	1061040157	-4.275745	-0.32231942	0.56084174
	1061040170	-4.3655276	-0.11162966	1.0336965
	1061040171	-4.442142	0.13138182	1.6956934
	1061040172	-4.584597	0.47973818	2.4462755
	1061040185	-4.8730984	0.9561843	3.1094694
	1061040185	-5.0933647	1.4829087	3.7247794
	1061040187	-5.380669	1.9868882	4.1772833
	1061040201	-5.5674167	2.5124154	4.6178164
	1061040202	-5.6967034	3.0930092	4.9757495
	1061040205	-5.8391585	3.7214873	5.3743844
	1061040207	-5.8008513	4.3547535	5.7335143
	1061040221	-5.4429183	4.9449244	6.3727665
	1061040221	-4.8383822	5.4453125	7.187992
	1061040222	-4.054281	5.9552774	8.095394
	1061040238	-3.0343513	6.4879875	9.18715
	1061040239	-1.7785926	6.8459206	10.157999
	1061040239	-0.59705406	7.136816	11.119271
	1061040250	0.36302084	7.4013753	12.079346
	1061040250	1.1267712	7.6276274	13.169905
	1061040253	1.6750433	7.850288	14.192229
	1061040256	1.9252374	8.162731	15.244481
	1061040268	1.9168577	8.561366	16.094423
	1061040268	1.7923592	9.009082	16.700155
	1061040271	1.5792753	9.503485	17.10238
	1061040286	1.1854291	9.990705	17.285538
	1061040287	0.6203975	10.542568	17.418415
	1061040287	-0.081103586	11.133936	17.52855
	1061040291	-0.8161235	11.738472	17.739239
	1061040302	-1.5391724	12.274773	17.80508
	1061040303	-2.1233575	12.756007	17.793108
	1061040307	-2.5614965	13.099575	17.724874
	1061040319	-2.8188732	13.269564	17.407642
	1061040319	-2.8811226	13.4299755	16.849792
	1061040320	-2.7422588	13.531729	16.059706
	1061040334	-2.459743	13.559262	15.329475
	1061040335	-1.9952679	13.465888	14.459183
	1061040335	-1.4888942	13.355755	13.670293
	1061040340	-1.0603321	13.148657	12.838308
	1061040351	-0.62458736	12.939164	12.1044855
	1061040351	-0.18525136	12.685378	11.467628
	1061040355	0.22176293	12.344205	11.03308
	1061040368	0.5030816	12.025776	10.714651
	1061040369	0.7520786	11.640309	10.441712
	1061040370	0.8729858	11.163863	10.266935
	1061040375	0.9663597	10.759243	10.203489
	1061040389	0.9675568	10.224139	10.067019
	1061040389	0.89932203	9.714174	9.940127
	1061040390	0.8526351	9.162311	9.81084
	1061040404	0.8598177	8.561366	9.73662
	1061040405	0.911293	7.9053545	9.531916
	1061040405	0.9531916	7.2505407	9.327211
	1061040417	0.923264	6.6352305	9.177573
	1061040417	0.9340379	6.0474544	8.8806925
	1061040419	0.89333653	5.441721	8.686762
	1061040424	0.8693945	4.90542	8.391078
	1061040434	0.732925	4.3535566	7.9792757
	1061040434	0.7293337	3.8423944	7.3867106
	1061040439	0.68025255	3.316867	6.7570357
	1061040450	0.7161656	2.8811226	6.084265
	1061040450	0.8334815	2.4166474	5.4282537
	1061040453	1.1291654	1.9390041	4.8380833
	1061040471	1.3901334	1.4218565	4.3580456
	1061040471	1.7552491	0.9501988	3.900753
	1061040471	2.192191	0.44023383	3.4793737
	1061040473	2.5513213	-0.008678981	3.0663738
	1061040487	2.90686	-0.55096567	2.7204118
	1061040487	3.2683847	-0.9615713	2.534861
	1061040488	3.5832222	-1.3087305	2.2822728
	1061040502	3.8262336	-1.635539	2.0248961
	1061040502	3.9710827	-1.8761563	1.8896236
	1061040503	4.1027637	-1.991078	1.797447
	1061040508	4.273949	-2.0952258	1.6968905
	1061040519	4.5828013	-2.1550808	1.3772645
	1061040519	4.829404	-2.1311388	1.1426327
	1061040525	5.034108	-2.0928316	0.9391256
	1061040536	5.1633954	-1.9527707	0.9163807
	1061040537	5.3309894	-1.8210896	1.0959458
	1061040538	5.3992243	-1.598429	1.6035166
	1061040554	5.412392	-1.302745	2.0404584
	1061040554	5.4518967	-0.9687539	2.3122003
	1061040554	5.3190184	-0.5114613	2.5157075
	1061040557	5.1753664	0.057161566	2.5540147
	1061040568	5.0412908	0.6700772	2.8209682
	1061040568	4.8389807	1.1860276	2.8568811
	1061040572	4.708497	1.7450738	3.0017304
	1061040586	4.658219	2.3364415	3.3105824
	1061040586	4.583998	2.9649196	3.9306808
	1061040587	4.5516768	3.5491047	5.1624975
	1061040602	4.42239	4.266168	6.642114
	1061040603	4.364929	4.906617	8.247426
	1061040603	4.470274	5.4548893	10.061034
	1061040606	4.819827	5.8499327	11.920132
	1061040618	5.1203	6.128857	13.515867
	1061040619	5.3633113	6.355109	14.996681
	1061040621	5.376479	6.692692	16.282368
	1061040636	5.210082	7.098509	17.31307
	1061040636	4.9012303	7.5450273	17.894861
	1061040636	4.5995607	7.894581	17.91641
	1061040641	4.2571898	8.144774	17.407642
	1061040653	3.8848915	8.500314	16.481087
	1061040654	3.3342252	8.895357	15.4563675
	1061040656	2.760814	9.247305	14.475942
	1061040672	2.2125416	9.552566	13.603255
	1061040672	1.6870143	9.741708	12.987946
	1061040672	1.1638813	9.86022	12.612056
	1061040686	0.68025255	9.921272	12.571355
	1061040686	0.38696286	10.027815	12.728175
	1061040687	0.1702876	10.057742	13.003508
	1061040690	-0.040402155	10.060136	13.199833
	1061040702	-0.20679916	9.999084	13.470377
	1061040702	-0.4079121	9.924864	13.61403
	1061040705	-0.64254385	9.869798	13.794791
	1061040717	-0.84724814	9.813534	13.767259
	1061040718	-0.9478046	9.712977	13.959991
	1061040720	-1.141735	9.650728	14.059351
	1061040738	-1.3608044	9.651925	14.078505
	1061040738	-1.5367782	9.557354	14.133572
	1061040738	-1.759439	9.495105	14.028226
	1061040752	-1.8647839	9.353847	13.931261
	1061040752	-1.9425954	9.186253	13.770849
	1061040752	-1.9485809	8.932467	13.387777
	1061040755	-2.0347722	8.664317	13.037026
	1061040768	-2.0970213	8.45243	12.612056
	1061040768	-2.2442648	8.098088	11.968016
	1061040769	-2.3819313	7.706636	11.230601
	1061040774	-2.4669256	7.2385697	10.483611
	1061040784	-2.5722704	6.7980366	9.60015
	1061040784	-2.744653	6.3515177	8.567052
	1061040789	-3.006818	5.926547	7.4585366
	1061040803	-3.2210991	5.5745993	6.541558
	1061040803	-3.4892497	5.2441998	5.677251
	1061040804	-3.7729626	4.892252	5.017648
	1061040821	-4.099771	4.600159	4.38917
	1061040822	-4.3164463	4.3415856	3.9402575
	1061040822	-4.5151653	4.0878	3.496133
	1061040824	-4.7102923	3.7992988	3.1322143
	1061040836	-4.845565	3.5227685	2.6844985
	1061040836	-4.8168344	3.1792006	2.308609
	1061040838	-4.810849	2.884714	1.8980033
	1061040852	-4.8252144	2.6309283	1.5245079
	1061040853	-4.906617	2.342427	1.1857284
	1061040853	-4.946121	2.045546	0.7811083
	1061040870	-4.9796405	1.7773955	0.57520694
	1061040870	-5.0694227	1.5260043	0.46746787
	1061040870	-5.0658317	1.2985551	0.4818331
	1061040873	-4.918588	1.0746973	0.52253455
	1061040885	-4.7486	0.8245032	0.41359833
	1061040886	-4.49242	0.58987147	0.3585317
	1061040888	-4.2805333	0.3528455	0.26515785
	1061040902	-4.2314525	0.19722237	0.18974048
	1061040902	-4.2111015	0.07152677	0.16699557
	1061040904	-4.2434235	0.06314707	0.26755205
	1061040908	-4.332009	0.13617022	0.43514615
	1061040920	-4.4720693	0.31812954	0.5967548
	1061040920	-4.5834	0.47614688	0.8074445
	1061040922	-4.704307	0.7790134	0.9211691
	1061040935	-4.9126024	1.1393408	1.0935516
	1061040936	-5.134066	1.5571289	1.0767922
	1061040937	-5.306449	1.996465	1.1294646
	1061040953	-5.509956	2.494459	1.2312182
	1061040953	-5.641637	2.9804819	1.417966
	1061040953	-5.596147	3.527557	1.8740613
	1061040969	-5.518336	3.9992146	2.498948
	1061040969	-5.4237647	4.457704	3.1082723
	1061040969	-5.3052516	4.8970404	3.8923733
	1061040972	-5.202301	5.3232083	4.872799
	1061040986	-5.0550575	5.7769094	6.1106014
	1061040987	-4.6588173	6.057031	7.8308353
	1061040987	-3.9812582	6.2437787	9.853935
	1061041002	-3.230676	6.4317236	11.997943
	1061041003	-2.3472154	6.6328363	14.189835
	1061041003	-1.6564883	6.7657146	16.44278
	1061041006	-1.0495582	6.966828	18.386871
	1061041019	-0.47973818	7.2122335	18.713678
	1061041019	0.014664485	7.481581	18.713678
	1061041021	0.33309332	7.7365637	18.713678
	1061041037	0.4563947	8.137592	18.713678
	1061041037	0.38337156	8.512285	18.713678
	1061041037	0.1798644	8.951621	18.713678
	1061041041	-0.118213706	9.48074	18.713678
	1061041052	-0.43783963	10.0338	18.51855
	1061041052	-0.7909844	10.54975	17.85895
	1061041056	-1.0531495	10.950779	17.234062
	1061041068	-1.2662334	11.232098	16.688185
	1061041069	-1.3165116	11.464335	16.114773
	1061041070	-1.3236942	11.621156	15.544953
	1061041086	-1.3189058	11.74326	14.926052
	1061041087	-1.2039841	11.827057	14.392145
	1061041087	-0.86161333	11.755231	13.880983
	1061041090	-0.41988313	11.639112	13.412916
	1061041102	0.008678981	11.427225	12.974777
	1061041102	0.38576576	11.217732	12.509106
	1061041105	0.80115974	10.990284	12.130821
	1061041118	1.1291654	10.765228	11.681909
	1061041119	1.3745711	10.440814	11.2605295
	1061041122	1.5613188	10.173861	10.858303
	1061041139	1.634342	9.817124	10.626065
	1061041139	1.6511014	9.455601	10.499173
	1061041139	1.6918027	9.039009	10.399814
	1061041140	1.6906056	8.585308	10.1699705
	1061041152	1.7600375	8.214207	9.924564
	1061041152	1.6570868	7.7138186	9.63726
	1061041154	1.6008232	7.292439	9.347562
	1061041168	1.5732898	6.8339496	8.893861
	1061041169	1.575684	6.3598976	8.316858
	1061041169	1.5792753	5.8140197	7.8116817
	1061041183	1.5146319	5.357924	7.128137
	1061041183	1.4463971	4.8647184	6.4505777
	1061041184	1.4942812	4.4122143	5.8424506
	1061041189	1.5373768	3.9381626	5.3181205
	1061041211	1.6008232	3.4856584	4.89315
	1061041211	1.6391304	3.0750527	4.4765587
	1061041211	1.683423	2.556708	4.020463
	1061041211	1.9288287	2.1257517	3.8085763
	1061041214	2.1263504	1.6912042	3.3919852
	1061041219	2.34542	1.4003087	3.0472202
	1061041223	2.58484	1.1142017	2.7275944
	1061041235	2.751237	0.7670424	2.393603
	1061041236	3.0409355	0.43185413	2.1254525
	1061041238	3.3857005	0.15173253	1.9758149
	1061041259	3.6801872	-0.13676877	1.8656816
	1061041259	3.8860886	-0.35823244	1.9303252
	1061041259	3.9698856	-0.6168062	2.094328
	1061041259	4.080019	-0.7508815	2.1493945
	1061041269	4.198532	-0.9292495	2.369661
	1061041270	4.318242	-1.0333973	2.5863364
	1061041273	4.4654856	-1.184232	2.7060466
	1061041285	4.593575	-1.2452842	2.7766755
	1061041285	4.813842	-1.3290812	2.7443538
	1061041288	4.998195	-1.3290812	2.722806
	1061041304	5.2124763	-1.3183073	2.735974
	1061041305	5.3872533	-1.2153566	2.8712463
	1061041305	5.6039286	-1.0226234	3.0951042
	1061041308	5.8277864	-0.8681974	3.306991
	1061041322	6.038476	-0.64793086	3.3704374
	1061041322	6.0899515	-0.39893386	3.7630866
	1061041322	5.9618616	-0.07811083	4.3927617
	1061041334	5.686528	0.3576339	4.9302597
	1061041334	5.38845	0.7706337	5.3420625
	1061041339	5.098752	1.2267292	5.581483
	1061041350	4.7863083	1.7546506	5.7670336
	1061041351	4.443938	2.3855226	5.7023897
	1061041352	4.1195235	3.0379426	5.6425347
	1061041357	3.8992567	3.731064	5.573103
	1061041367	3.8226423	4.4026375	5.762245
	1061041367	3.9291842	4.986823	6.2482677
	1061041371	4.0788217	5.4955907	7.2610154
	1061041388	4.244022	6.0414686	8.520366
	1061041389	4.521749	6.402993	10.029909
	1061041389	4.664204	6.709451	11.800422
	1061041404	4.7887025	6.9536595	13.523049
	1061041404	4.825813	7.2014594	15.179837
	1061041404	4.861726	7.337929	16.591219
	1061041406	4.6665983	7.512706	17.562069
	1061041417	4.4092216	7.6551604	18.067245
	1061041417	4.0500913	7.7605057	17.988235
	1061041421	3.5532947	7.95683	17.460314
	1061041433	3.070863	8.108862	16.607979
	1061041434	2.6183589	8.32434	15.710153
	1061041436	1.9731215	8.596082	14.9068985
	1061041441	1.2381016	8.871415	14.4053135
	1061041451	0.64433956	9.145552	14.0868845
	1061041451	0.23852235	9.442432	14.089278
	1061041455	-0.069132574	9.702203	14.2700405
	1061041471	-0.31573534	9.991901	14.542979
	1061041471	-0.5767033	10.243293	14.781202
	1061041471	-0.7921815	10.359411	14.991893
	1061041486	-0.9023148	10.379763	15.084069
	1061041486	-0.86640173	10.3175125	15.172655
	1061041487	-0.87358433	10.275615	15.214553
	1061041490	-0.86520463	10.279205	15.2097645
	1061041501	-0.9130887	10.219351	15.124771
	1061041502	-1.0699089	10.16189	14.90211
	1061041505	-1.2339118	10.034997	14.575301
	1061041519	-1.2961609	9.898528	14.125192
	1061041519	-1.2865841	9.712977	13.635577
	1061041520	-1.2051812	9.527427	13.001114
	1061041525	-1.178845	9.305963	12.322357
	1061041536	-1.1836334	9.065346	11.6855
	1061041536	-1.2219406	8.786421	11.021109
	1061041539	-1.2279263	8.46081	10.308834
	1061041552	-1.2937667	8.118439	9.566631
	1061041553	-1.3009493	7.7281837	9.033921
	1061041556	-1.4996681	7.373842	8.628104
	1061041569	-1.747468	6.9919667	8.345589
	1061041569	-2.0623055	6.6232595	8.009203
	1061041569	-2.42383	6.2868743	7.727885
	1061041574	-2.8583775	5.942109	7.471705
	1061041586	-3.2378585	5.626075	7.141305
	1061041586	-3.589806	5.2992663	6.782175
	1061041589	-3.8890815	4.898237	6.415862
	1061041602	-4.122516	4.406229	6.1106014
	1061041602	-4.2937016	4.0435076	5.6497173
	1061041604	-4.467281	3.6879685	5.245097
	1061041619	-4.5534725	3.4497454	4.5962687
	1061041619	-4.6648026	3.1109657	3.9055414
	1061041620	-4.6983213	2.8619688	3.3093853
	1061041623	-4.7294464	2.5818472	2.794632
	1061041638	-4.746206	2.3591864	2.3026235
	1061041638	-4.7198696	2.0347722	1.8082209
	1061041638	-4.6552258	1.7115549	1.3437457
	1061041652	-4.4960117	1.5415666	0.789488
	1061041652	-4.3188405	1.2877812	0.2136825
	1061041653	-4.072238	1.0770915	-0.13826515
	1061041658	-3.956119	0.7814076	-0.39923313
	1061041667	-3.7478235	0.5647323	-0.53211135
	1061041668	-3.6999395	0.29897594	-0.6003461
	1061041673	-3.6640265	0.19841947	-0.47345337
	1061041684	-3.6029742	0.024839843	-0.26396075
	1061041684	-3.5790322	-0.07571663	0.16340427
	1061041688	-3.622128	-0.100855745	0.6326678
	1061041704	-3.7765539	-0.06135142	0.9307459
	1061041704	-3.9357684	0.032022446	1.0193313
	1061041704	-4.114136	0.16849194	1.1091139
	1061041707	-4.2111015	0.46058455	1.2060791
	1061041721	-4.3882723	0.8879495	1.3030443
	1061041722	-4.648043	1.4122797	1.347337
	1061041722	-4.9389386	2.0275896	1.3880384
	1061041739	-5.155614	2.5638907	1.3928268
	1061041739	-5.506365	3.1624413	1.5101427
	1061041739	-5.654805	3.6436758	1.822586
	1061041742	-5.6847324	4.102165	2.2918496
	1061041751	-5.5757966	4.5067854	2.5851393
	1061041752	-5.259762	4.7893014	3.3572693
	1061041756	-4.7198696	4.9149966	4.7518916
	1061041767	-3.990835	4.9856257	6.7534447
	1061041768	-3.1325138	5.0394955	9.136872
	1061041773	-2.2478561	5.1412487	11.505935
	1061041788	-1.4493898	5.31004	13.6092415
	1061041788	-0.6976105	5.4908023	15.279197
	1061041788	-0.084694885	5.518336	16.4751
	1061041791	0.37499183	5.626075	17.377714
	1061041804	0.756867	5.7697268	17.891272
	1061041805	0.81313074	5.9911904	18.18456
	1061041806	0.5270237	6.416161	18.12231
	1061041820	0.19542672	6.957251	17.943943
	1061041820	-0.27263972	7.586926	17.554886
	1061041821	-0.84365684	8.135198	17.299904
	1061041837	-1.3955203	8.610447	17.396868
	1061041837	-1.8803462	9.092878	17.360954
	1061041837	-2.1065981	9.466374	17.405249
	1061041840	-2.1700447	9.72016	17.378912
	1061041853	-2.2370822	10.01704	17.244837
	1061041853	-2.2119431	10.30195	16.952744
	1061041855	-2.0228012	10.477924	16.436792
	1061041868	-1.6361376	10.6838255	15.611991
	1061041868	-1.1561002	10.754455	14.551359
	1061041870	-0.58987147	10.755651	13.476363
	1061041885	-0.02124854	10.737696	12.366651
	1061041886	0.5126584	10.66946	11.389816
	1061041886	0.98910457	10.613197	10.556634
	1061041890	1.539771	10.556933	10.047866
	1061041902	1.9360113	10.425252	9.646837
	1061041902	2.2520459	10.291177	9.254189
	1061041905	2.5189996	10.104429	9.128492
	1061041919	2.6506805	9.8638115	9.083003
	1061041919	2.8027124	9.574113	9.1033535
	1061041919	2.8757355	9.304766	9.017162
	1061041924	2.8745384	8.96838	8.845977
	1061041935	2.8314428	8.604462	8.775348
	1061041936	2.785953	8.21301	8.612542
	1061041939	2.7332804	7.792827	8.437765
	1061041952	2.6889877	7.3678565	8.255806
	1061041952	2.6363153	6.9380975	8.142081
	1061041954	2.5405474	6.516718	7.9289975
	1061041968	2.4687212	6.058228	7.675212
	1061041968	2.383727	5.6967034	7.5387425
	1061041969	2.2831707	5.2872953	7.325659
	1061041974	2.1167736	4.8383822	7.247847
	1061041984	1.9982606	4.444536	7.116166
	1061041984	1.8031331	4.1069536	7.092224
	1061041990	1.7085621	3.7502177	7.119757
	1061042003	1.6020203	3.4712932	7.2286935
	1061042003	1.5864578	3.136105	7.221511
	1061042004	1.635539	2.7111342	7.2227077
	1061042019	1.8127099	2.329259	7.1448965
	1061042019	2.072481	1.9449896	6.9126587
	1061042020	2.3490112	1.6337434	6.654085
	1061042023	2.536956	1.3416507	6.2746043
	1061042035	2.7368717	1.0567408	5.903503
	1061042036	2.8673558	0.7694366	5.2522798
	1061042038	3.069666	0.43305123	4.5938745
	1061042052	3.2300773	0.17567454	4.0037036
	1061042053	3.368941	-0.041000705	3.3464954
	1061042053	3.4994252	-0.24331075	2.6856956
	1061042058	3.6227264	-0.49949032	2.142212
	1061042070	3.757999	-0.66469026	1.7531542
	1061042070	3.8465843	-0.77841485	1.4742297
	1061042072	3.9351697	-0.90889883	1.4000094
	1061042085	3.9650972	-0.9651626	1.714847
	1061042085	3.8836944	-0.9304466	2.2212207
	1061042087	3.6574423	-0.9615713	2.9287071
	1061042101	3.4718916	-0.79996264	3.6792896
	1061042101	3.3617585	-0.65152216	4.2000284
	1061042102	3.3485904	-0.43364978	4.658518
	1061042107	3.3174658	-0.087687634	4.96737
	1061042118	3.3749266	0.28341362	5.1397524
	1061042118	3.5377324	0.59106857	5.1361613
	1061042122	3.7232828	1.0040684	5.04997
	1061042138	4.0285435	1.3356652	4.953005
	1061042138	4.2787375	1.8324621	4.821324
	1061042138	4.48823	2.3520038	4.9027267
	1061042152	4.6115317	2.9026704	5.0344076
	1061042152	4.5971665	3.5215714	5.3085437
	1061042153	4.6031523	4.0195656	5.8280854
	1061042156	4.5492826	4.5774145	6.5966244
	1061042166	4.3769	5.023933	7.567473
	1061042167	4.125509	5.427356	8.638878
	1061042171	3.949535	5.8750715	9.978435
	1061042183	3.8872857	6.194698	11.337144
	1061042183	3.9579146	6.4436946	12.57734
	1061042186	3.9686885	6.6256537	13.673884
	1061042191	3.9112277	6.7992334	14.495095
	1061042204	3.6682162	6.911761	14.972739
	1061042204	3.3904889	7.044639	15.082872
	1061042208	3.0971992	7.1308303	14.797962
	1061042220	2.8290486	7.1918826	14.404116
	1061042221	2.467524	7.2673	14.08449
	1061042221	2.0090344	7.3115926	13.857041
	1061042235	1.4344261	7.410952	13.67987
	1061042235	0.8322844	7.5929112	13.721768
	1061042235	0.27323827	7.789236	14.022241
	1061042240	-0.2439093	8.003517	14.407707
	1061042251	-0.76584524	8.217798	14.868591
	1061042252	-1.1525089	8.466795	15.323489
	1061042255	-1.4721348	8.582913	15.780782
	1061042268	-1.7175405	8.699033	16.303915
	1061042268	-1.9282302	8.75769	16.622343
	1061042270	-2.0670938	8.800786	16.745646
	1061042287	-2.2071548	8.823531	16.695368
	1061042287	-2.3041198	8.833108	16.351799
	1061042287	-2.390311	8.830713	15.807118
	1061042290	-2.4537575	8.787618	15.236101
	1061042303	-2.4489691	8.736143	14.4053135
	1061042303	-2.494459	8.744522	13.624804
	1061042304	-2.50643	8.622418	12.747329
	1061042320	-2.3615806	8.521862	11.798027
	1061042320	-2.2478561	8.306383	11.011532
	1061042320	-2.1221604	8.013094	10.258555
	1061042324	-2.0479403	7.670723	9.528324
	1061042336	-2.0946271	7.38701	8.907029
	1061042337	-2.186804	7.1308303	8.319252
	1061042339	-2.3160908	6.8219786	7.731476
	1061042352	-2.482488	6.470031	7.1820064
	1061042353	-2.6189573	6.138434	6.689998
	1061042354	-2.781763	5.903802	6.180033
	1061042368	-2.9481602	5.6117096	5.799355
	1061042368	-3.160047	5.356727	5.429451
	1061042370	-3.350386	5.034707	5.111022
	1061042373	-3.4976294	4.78571	4.9625816
	1061042386	-3.7837365	4.525939	4.8907557
	1061042388	-4.048296	4.2769423	4.723161
	1061042388	-4.3044753	4.014777	4.563947
	1061042404	-4.5546694	3.8447886	4.4358573
	1061042404	-4.724658	3.5945945	4.3664255
	1061042404	-4.8730984	3.364751	4.245518
	1061042408	-5.0275245	3.1995513	4.148553
	1061042422	-5.1244893	3.0247746	4.019266
	1061042422	-5.0885763	2.8080993	3.8349125
	1061042425	-4.9856257	2.6321254	3.7355533
	1061042434	-4.874295	2.3268647	3.6541502
	1061042434	-4.761768	2.0970213	3.4302924
	1061042438	-4.4972086	1.7797897	3.196858
	1061042452	-4.3248262	1.4434043	2.830545
	1061042452	-4.1057568	1.1501147	2.3277626
	1061042453	-3.869928	0.86041623	1.7208325
	1061042457	-3.6604352	0.64134675	1.1498153
	1061042469	-3.482067	0.47614688	0.76195467
	1061042470	-3.2929251	0.4127005	0.38367084
	1061042472	-3.2115223	0.3648165	-0.037708677
	1061042487	-3.1983542	0.3684078	-0.338181
	1061042487	-3.2893338	0.47854108	-0.41718966
	1061042487	-3.5012207	0.59585696	-0.30466217
	1061042501	-3.80289	0.8951322	0.08559271
	1061042501	-4.084209	1.1884218	0.65900403
	1061042502	-4.6013565	1.5714941	1.1785458
	1061042507	-5.1364603	2.0970213	1.7579426
	1061042518	-5.642834	2.6069863	2.3469162
	1061042518	-6.1432223	3.1241338	3.0352492
	1061042522	-6.446089	3.7107134	3.5296519
	1061042537	-6.636428	4.323629	3.840898
	1061042538	-6.6340337	4.8754926	4.0779243
	1061042538	-6.3275757	5.3399677	4.6680946
	1061042552	-5.876269	5.8128223	5.16968
	1061042553	-5.284901	6.2234282	5.8867435
	1061042553	-4.512771	6.6065	7.1101804
	1061042556	-3.504812	6.78008	8.5299425
	1061042567	-2.5112183	6.902184	10.283695
	1061042567	-1.6516999	7.017106	12.187085
	1061042571	-0.9226655	7.0877347	13.980342
	1061042583	-0.37678748	7.2254014	15.622765
	1061042584	0.10564415	7.3451114	16.924013
	1061042588	0.43484688	7.431303	17.827824
	1061042591	0.6215946	7.622839	18.121115
	1061042604	0.5940613	7.7976155	18.219276
	1061042605	0.27323827	8.108862	18.06485
	1061042606	-0.2463035	8.507497	17.869722
	1061042618	-0.7047931	8.883386	17.521366
	1061042618	-1.0794857	9.204209	17.310677
	1061042620	-1.3979145	9.505878	17.27596
	1061042634	-1.7797897	9.878177	17.232864
	1061042635	-2.069488	10.216956	17.337013
	1061042635	-2.2921488	10.482713	17.194557
	1061042652	-2.3364415	10.790368	16.920422
	1061042653	-2.3460183	10.984298	16.544533
	1061042653	-2.2801778	11.143513	15.732898
	1061042655	-2.092233	11.244069	14.868591
	1061042669	-1.9928737	11.368567	13.928867
	1061042669	-1.8061259	11.4475765	13.017873
	1061042670	-1.6062101	11.520599	12.240954
	1061042685	-1.2997522	11.490672	11.697471
	1061042685	-1.0399814	11.44159	11.259332
	1061042685	-0.74429744	11.281179	10.967239
	1061042689	-0.47494975	11.135133	10.761338
	1061042702	-0.18884265	10.93402	10.588956
	1061042702	0.041000705	10.687417	10.354323
	1061042704	0.3103484	10.398916	10.090961
	1061042722	0.5330092	10.02542	9.668385
	1061042723	0.7257424	9.59207	9.261371
	1061042723	0.89094234	9.185056	8.87351
	1061042724	1.0501567	8.675091	8.428188
	1061042734	1.196203	8.227375	8.079832
	1061042735	1.3207015	7.744943	7.6369047
	1061042739	1.5996261	7.2517376	7.2753806
	1061042750	1.8438346	6.666355	6.9306154
	1061042750	2.0401592	5.998373	6.6744356
	1061042753	2.1634605	5.3531356	6.311714
	1061042767	2.4292169	4.7653594	5.989694
	1061042767	2.536956	4.179977	5.727529
	1061042768	2.6985645	3.6161423	5.5766945
	1061042773	2.8769326	3.0451252	5.301361
	1061042786	2.916437	2.4501662	5.0463786
	1061042786	2.916437	1.9150621	4.7949877
	1061042788	2.9727006	1.3847464	4.4741645
	1061042803	2.918831	0.9609727	4.2778397
	1061042803	2.8194718	0.61022216	4.1138372
	1061042805	2.6889877	0.28101942	3.8863878
	1061042808	2.5752633	0.07511808	3.5380316
	1061042820	2.3801358	-0.11402386	3.093907
	1061042821	2.2520459	-0.21577743	2.7156234
	1061042823	2.1909938	-0.33189622	2.355296
	1061042836	2.3549967	-0.42886138	1.9961656
	1061042837	2.5166054	-0.459986	1.6693572
	1061042838	2.868553	-0.49470192	1.3772645
	1061042854	3.1750107	-0.5964555	1.252766
	1061042854	3.3880947	-0.68743515	1.1988965
	1061042854	3.5616744	-0.70060325	1.2336124
	1061042871	3.8609495	-0.7640496	1.3760674
	1061042872	4.139874	-0.81432784	1.6693572
	1061042872	4.4211926	-0.8825626	2.034473
	1061042872	4.7228622	-0.8490438	2.4821887
	1061042886	4.950311	-0.68264675	3.0304608
	1061042886	5.0604444	-0.35823244	3.445855
	1061042887	5.123891	0.03321955	3.9211037
	1061042902	5.220856	0.47973818	4.282628
	1061042902	5.338172	0.94900167	4.496909
	1061042902	5.4147863	1.570297	4.5483847
	1061042906	5.5309052	2.257433	4.6285906
	1061042919	5.6170964	2.945766	4.7004166
	1061042919	5.7032876	3.670012	4.9015293
	1061042921	5.662586	4.34398	5.266645
	1061042938	5.620688	4.9952025	5.9142766
	1061042938	5.5189342	5.5075617	6.952163
	1061042938	5.3669024	5.995979	8.114548
	1061042941	5.2412066	6.4520745	9.324817
	1061042952	5.0125604	6.782474	10.749367
	1061042953	4.9275665	7.128436	12.205042
	1061042956	4.7851114	7.388207	13.610438
	1061042968	4.5708303	7.55221	14.718953
	1061042968	4.3816886	7.7162127	15.544953
	1061042971	4.081216	7.8957777	15.849017
	1061042983	3.7568018	8.035839	15.810709
	1061042984	3.4072483	8.184279	15.335461
	1061042985	2.941576	8.386589	14.727333
	1061042991	2.4160488	8.594885	13.971963
	1061043003	1.7648259	8.823531	13.373412
	1061043003	1.1207857	9.083302	13.07294
	1061043005	0.6239888	9.36103	13.017873
	1061043021	0.28161797	9.526229	13.139977
	1061043021	0.066139825	9.6208	13.446435
	1061043022	-0.16849194	9.74889	13.663111
	1061043036	-0.35164836	9.781212	13.885772
	1061043036	-0.5407903	9.770438	14.050971
	1061043037	-0.72514385	9.72016	14.216171
	1061043040	-0.86281043	9.710583	14.428058
	1061043052	-1.0304046	9.631575	14.575301
	1061043052	-1.0316017	9.54658	14.729728
	1061043055	-1.0304046	9.434052	15.002666
	1061043068	-0.9992799	9.223363	15.206174
	1061043068	-1.0268133	9.034221	15.257648
	1061043070	-0.9789292	8.763676	15.267225
	1061043086	-0.9274539	8.548198	15.00147
	1061043086	-0.9956886	8.343493	14.6363535
	1061043087	-1.0854712	8.066963	14.022241
	1061043089	-1.249474	7.834726	13.2908125
	1061043104	-1.3727754	7.624036	12.331934
	1061043104	-1.5487492	7.3056073	11.352706
	1061043105	-1.7031752	6.9871783	10.502765
	1061043120	-1.9318215	6.6591725	9.524733
	1061043120	-2.1963809	6.2916627	8.70831
	1061043121	-2.5387516	5.9935846	7.8428063
	1061043124	-2.8739398	5.5997386	6.8504095
	1061043136	-3.1624413	5.288492	5.9202623
	1061043136	-3.503615	4.9628806	5.085883
	1061043139	-3.7921162	4.6851535	4.421492
	1061043153	-4.110545	4.407426	3.8001966
	1061043154	-4.419397	4.1656117	3.2974143
	1061043154	-4.6229043	3.9237974	2.9406781
	1061043168	-4.7438116	3.647267	2.8233624
	1061043168	-4.8551416	3.3611598	2.5157075
	1061043168	-4.941333	3.0810382	2.3301568
	1061043173	-5.032313	2.7841573	2.180519
	1061043185	-5.0514665	2.579453	1.965041
	1061043185	-5.083788	2.3232734	1.6394296
	1061043188	-5.0789995	2.033575	1.3988123
	1061043202	-5.0969563	1.7809868	1.0169371
	1061043202	-5.035904	1.4709376	0.7236475
	1061043203	-4.928165	1.2207435	0.4842273
	1061043208	-4.8252144	0.9537901	0.23163901
	1061043220	-4.737826	0.74310035	0.006584055
	1061043220	-4.6707883	0.5719149	-0.19572599
	1061043222	-4.6109333	0.35164836	-0.3812766
	1061043236	-4.5199537	0.14933833	-0.31184477
	1061043236	-4.488829	-2.992752E-4	-0.08200141
	1061043239	-4.4026375	-0.15592238	0.2100912
	1061043253	-4.394258	-0.20260932	0.7164649
	1061043253	-4.3751044	-0.24809915	1.4311341
	1061043253	-4.466084	-0.23253684	2.1757307
	1061043258	-4.5893855	-0.098461546	2.9059622
	1061043269	-4.5786114	0.09187749	3.3967736
	1061043269	-4.632481	0.44861355	3.6984432
	1061043272	-4.7234607	0.9992799	3.9486372
	1061043285	-4.85993	1.616984	4.1018662
	1061043285	-5.0778027	2.2993314	4.1401734
	1061043287	-5.205892	3.0678701	4.087501
	1061043302	-5.2813096	3.8759134	4.010886
	1061043302	-5.306449	4.6312838	3.9510314
	1061043302	-5.1627965	5.405808	3.9737763
	1061043306	-4.821623	5.976825	4.4358573
	1061043319	-4.138078	6.3012395	5.466561
	1061043319	-3.2354643	6.5981207	6.8384385
	1061043321	-2.3639748	6.8351464	8.796896
	1061043337	-1.4900913	6.914155	10.949283
	1061043337	-0.47854108	7.0135145	13.337499
	1061043337	0.54857147	7.0374565	15.790359
	1061043341	1.4236522	7.092523	17.914015
	1061043352	2.1299417	7.1212535	18.713678
	1061043353	2.5094225	7.2098393	18.713678
	1061043356	2.50224	7.419332	18.713678
	1061043367	2.1191678	7.792827	18.713678
	1061043367	1.3039421	8.305186	18.713678
	1061043370	0.35823244	9.006687	18.713678
	1061043384	-0.5216367	9.613618	18.711285
	1061043384	-1.2877812	10.1343565	18.01577
	1061043385	-1.9593548	10.595241	17.70931
	1061043390	-2.6010008	10.984298	17.68537
	1061043405	-3.0032268	11.277588	17.764378
	1061043405	-3.2653918	11.406875	17.902044
	1061043405	-3.4222121	11.54933	17.800291
	1061043420	-3.4497454	11.630733	17.50341
	1061043420	-3.2929251	11.593622	16.97908
	1061043420	-2.9996355	11.584045	16.337435
	1061043425	-2.6297312	11.646295	15.386936
	1061043436	-2.1520882	11.627141	14.211383
	1061043436	-1.5918448	11.522993	13.026253
	1061043440	-0.9873089	11.426028	11.936892
	1061043453	-0.3983353	11.244069	10.910975
	1061043453	0.19901802	11.057322	10.118495
	1061043456	0.8286931	10.774805	9.401431
	1061043470	1.4739305	10.408493	8.800487
	1061043470	1.9683331	9.981128	8.351574
	1061043472	2.4028807	9.444826	7.980473
	1061043474	2.715324	8.907329	7.7410526
	1061043488	3.0505123	8.312369	7.475296
	1061043488	3.2995093	7.705439	7.2885485
	1061043489	3.4862568	7.0195003	7.1353197
	1061043506	3.5892076	6.29286	7.0383544
	1061043506	3.6011786	5.6332574	6.925827
	1061043507	3.5760396	5.106533	6.6947865
	1061043517	3.5161846	4.5893855	6.5032506
	1061043518	3.4826655	4.098574	6.217143
	1061043519	3.2097266	3.6041713	5.989694
	1061043523	2.9499557	3.183989	5.823297
	1061043534	2.6051908	2.885911	5.609016
	1061043535	2.4088662	2.6093805	5.4701524
	1061043538	2.2723968	2.3615806	5.4019175
	1061043554	2.096423	1.9916766	5.369596
	1061043554	1.9539678	1.6098014	5.395932
	1061043554	1.8330606	1.2805986	5.5168395
	1061043559	1.8210896	0.952593	5.391144
	1061043572	1.8234838	0.6605004	5.3061495
	1061043572	1.9000983	0.4043208	5.065532
	1061043573	2.1478982	0.1110311	4.6381674
	1061043590	2.430414	-0.1678934	3.994127
	1061043590	2.6015995	-0.35583824	3.1789012
	1061043590	2.753631	-0.57251346	2.3409307
	1061043601	2.95235	-0.78320324	1.4945804
	1061043601	3.2240918	-0.9220669	0.61112
	1061043602	3.497031	-1.0944494	-0.13347675
	1061043607	3.8238394	-1.2357074	-0.6314707
	1061043618	4.2763433	-1.4236522	-0.8912416
	1061043619	4.598364	-1.5613188	-0.8948329
	1061043622	4.842572	-1.6032174	-0.44592008
	1061043641	4.9850273	-1.469142	0.3405752
	1061043642	4.980239	-1.2704233	1.2000936
	1061043642	4.900033	-1.0082582	2.2990322
	1061043643	4.6953287	-0.58089316	3.1561563
	1061043654	4.503793	-0.23852235	3.719991
	1061043654	4.375703	0.2594716	4.3341036
	1061043657	4.184167	0.85802203	4.953005
	1061043668	3.9471407	1.4613608	5.3660045
	1061043668	3.7783496	2.0263925	5.6844335
	1061043673	3.7113118	2.674024	5.8999114
	1061043685	3.6694133	3.267786	6.335656
	1061043685	3.8046858	3.8531682	6.809708
	1061043686	3.9914336	4.272154	7.768586
	1061043692	4.295497	4.6157217	8.950125
	1061043701	4.5229464	4.931756	10.402207
	1061043702	4.6534305	5.1771617	12.106879
	1061043706	4.7767315	5.4776344	13.849858
	1061043722	4.947917	5.7541647	15.495872
	1061043722	5.1310735	6.0031614	16.963518
	1061043722	5.126285	6.3000426	17.961899
	1061043736	5.028123	6.5239005	18.528128
	1061043736	4.8222213	6.663961	18.621502
	1061043736	4.447529	6.9392943	18.146254
	1061043741	4.0405145	7.242161	17.352575
	1061043754	3.544915	7.4384856	16.229694
	1061043754	2.9738977	7.6192474	15.167867
	1061043755	2.29993	7.888595	14.329896
	1061043768	1.6092029	8.086117	13.963583
	1061043768	0.99748427	8.22139	13.75409
	1061043770	0.4504092	8.357859	13.495517
	1061043785	0.080505036	8.45243	13.32074
	1061043786	-0.28820202	8.464401	13.381792
	1061043786	-0.6688801	8.545804	13.657125
	1061043790	-1.047164	8.545804	14.025832
	1061043804	-1.5248072	8.531439	14.296377
	1061043805	-1.7342999	8.429685	14.6842375
	1061043805	-1.925836	8.335114	14.892533
	1061043819	-1.9988592	8.137592	15.082872
	1061043819	-2.1844099	8.015488	15.108011
	1061043820	-2.3723545	7.826346	15.081676
	1061043825	-2.5172038	7.7700825	14.817116
	1061043834	-2.590227	7.600094	14.388554
	1061043836	-2.544737	7.390601	13.782821
	1061043839	-2.4729111	7.195474	13.106459
	1061043851	-2.355595	7.0494275	12.331934
	1061043851	-2.162862	6.778883	11.56579
	1061043854	-2.0539258	6.6172743	10.878654
	1061043871	-1.9773114	6.365883	10.11251
	1061043872	-1.9006969	6.144419	9.4457245
	1061043872	-1.8803462	5.822399	8.758589
	1061043874	-1.8647839	5.500379	7.972093
	1061043886	-1.9246389	5.228637	7.1580644
	1061043886	-2.0431519	4.871901	6.081871
	1061043890	-2.0706851	4.4253826	5.158906
	1061043903	-2.0838532	4.1153336	4.6142254
	1061043903	-2.198775	3.8938699	4.1880574
	1061043903	-2.3855226	3.755006	4.0120835
	1061043919	-2.5136125	3.56347	3.8013937
	1061043920	-2.6081834	3.3013048	3.6601357
	1061043920	-2.6919806	2.982876	3.6014779
	1061043923	-2.8787282	2.7482443	3.6493618
	1061043938	-3.0463223	2.5866356	3.7535098
	1061043939	-3.1756094	2.3831284	3.9211037
	1061043939	-3.279757	2.1772273	4.0132804
	1061043953	-3.4293947	2.032378	4.0707417
	1061043953	-3.644873	1.8755578	4.160524
	1061043953	-3.813664	1.7067665	4.020463
	1061043958	-3.9094322	1.5607202	3.9043443
	1061043967	-3.9285858	1.4829087	3.8265328
	1061043968	-3.8687308	1.3524247	3.7175968
	1061043972	-3.7202902	1.2339118	3.3584664
	1061043984	-3.4425628	1.0447698	2.9430726
	1061043984	-3.2091281	0.9789292	2.3122003
	1061043988	-3.0283659	0.9190742	1.6023195
	1061044004	-2.8476036	0.83647424	0.9475053
	1061044004	-2.7243023	0.83048874	0.4782418
	1061044004	-2.50643	0.83767134	0.1933318
	1061044007	-2.422633	0.9178771	0.25677812
	1061044020	-2.389114	1.1453263	0.7009025
	1061044020	-2.520795	1.4230536	1.5053543
	1061044022	-2.8488007	1.8013375	2.3145945
	1061044036	-3.3084874	2.197578	3.2004492
	1061044036	-3.8352118	2.542343	4.0276456
	1061044037	-4.3152494	3.0319571	4.905121
	1061044053	-4.7210665	3.4126353	5.680842
	1061044053	-5.0335097	3.8328176	6.3464303
	1061044053	-5.0167503	4.2027216	7.021595
	1061044056	-4.7557826	4.5546694	7.641693
	1061044070	-4.320038	4.8407764	8.400655
	1061044071	-3.7454293	5.0789995	9.282919
	1061044071	-3.0403368	5.2813096	10.293272
	1061044088	-2.3591864	5.4489036	11.377845
	1061044088	-1.640926	5.500379	12.471995
	1061044088	-0.9059061	5.52073	13.645154
	1061044091	-0.2451064	5.462072	14.803947
	1061044100	0.28520927	5.372289	15.892113
	1061044101	0.67905545	5.295675	16.64868
	1061044107	0.827496	5.228637	17.064074
	1061044117	0.8298902	5.4572835	17.225683
	1061044117	0.5832874	5.708675	17.149069
	1061044121	0.3390788	6.0139356	16.883312
	1061044138	0.027832596	6.332364	16.479889
	1061044138	-0.18285716	6.6938887	16.14111
	1061044138	-0.48093528	7.06499	15.926828
	1061044141	-0.6748656	7.398981	15.641918
	1061044157	-0.9083003	7.718607	15.427637
	1061044157	-1.0483611	7.9604216	15.315109
	1061044157	-1.1704654	8.088511	15.075689
	1061044168	-1.367987	8.33272	14.948797
	1061044169	-1.5487492	8.517074	14.867394
	1061044170	-1.7043723	8.587702	14.780005
	1061044184	-1.7630303	8.673894	14.521432
	1061044185	-1.7905636	8.801983	14.226945
	1061044185	-1.7546506	8.822334	13.827113
	1061044190	-1.5152304	8.900146	13.269264
	1061044203	-1.2554595	8.991125	12.644378
	1061044203	-0.9585785	9.053374	12.002731
	1061044205	-0.60184246	9.050981	11.393407
	1061044221	-0.16250645	8.920496	10.812814
	1061044221	0.20979193	8.743325	10.22384
	1061044221	0.5138555	8.574534	9.768942
	1061044225	0.8622119	8.333917	9.44333
	1061044236	1.1543045	8.089708	9.136872
	1061044236	1.5170261	7.8071923	8.988432
	1061044239	1.7923592	7.4073606	8.892664
	1061044251	2.0629041	7.006332	8.794501
	1061044251	2.204162	6.576573	8.743026
	1061044254	2.38253	6.1958947	8.705916
	1061044267	2.5345619	5.7852893	8.738237
	1061044267	2.655469	5.3267994	8.847174
	1061044270	2.7679965	4.8491564	8.805275
	1061044274	2.7943327	4.5031943	8.780136
	1061044289	2.8793268	4.1273046	8.623316
	1061044290	3.011008	3.777751	8.395866
	1061044290	3.058892	3.419818	8.145673
	1061044303	3.0971992	3.1456819	7.9421654
	1061044303	3.142689	2.923021	7.6452847
	1061044303	3.1702223	2.6417024	7.375937
	1061044317	3.1750107	2.4142532	6.7642183
	1061044318	3.1379006	2.141314	6.2303114
	1061044318	3.1690252	1.9210476	5.5898623
	1061044325	3.2432454	1.605013	5.227141
	1061044335	3.3833063	1.4254478	4.7698483
	1061044335	3.544915	1.2243348	4.3640313
	1061044338	3.7316625	1.0687118	3.8696284
	1061044354	3.950732	0.9202713	3.5655649
	1061044354	4.1003695	0.75985974	3.247136
	1061044354	4.2428246	0.51684827	2.9502552
	1061044358	4.471471	0.23193829	2.795829
	1061044370	4.592378	-0.0398036	2.795829
	1061044370	4.7228622	-0.27802667	2.9215245
	1061044372	4.8449664	-0.4743512	3.1681273
	1061044387	4.9634795	-0.69581485	3.4889505
	1061044388	5.1274824	-0.9304466	3.9306808
	1061044388	5.19452	-0.99748427	4.4526167
	1061044403	5.0472765	-1.0322002	5.0104656
	1061044403	4.90961	-1.0010756	5.6377463
	1061044403	4.7288475	-0.8789713	6.0519433
	1061044407	4.399645	-0.67067575	6.320094
	1061044417	4.0907927	-0.36780924	6.395511
	1061044418	3.7783496	-0.07451953	6.425439
	1061044422	3.4503438	0.240318	6.151303
	1061044435	3.227683	0.573112	5.751471
	1061044435	3.022979	0.9478046	5.21517
	1061044437	2.916437	1.4218565	4.7698483
	1061044442	2.8051066	1.9641433	4.325724
	1061044456	2.753631	2.5267806	4.0563765
	1061044457	2.6231472	3.0834324	4.100669
	1061044457	2.4771008	3.552696	4.281431
	1061044469	2.394501	3.954922	4.743512
	1061044469	2.2508488	4.169203	5.5778913
	1061044471	2.1885996	4.3751044	6.818088
	1061044485	2.09762	4.5271363	8.619724
	1061044486	2.0353708	4.6169186	10.632051
	1061044488	1.9360113	4.7653594	12.869432
	1061044491	1.8246809	4.8910546	14.996681
	1061044503	1.671452	5.0131593	16.90486
	1061044503	1.491887	5.095759	18.48264
	1061044506	1.1902175	5.26455	18.713678
	1061044518	0.81672204	5.3998227	18.713678
	1061044518	0.39534256	5.605724	18.713678
	1061044521	0.07571663	5.8619037	18.713678
	1061044534	-0.17328034	6.080973	17.706917
	1061044535	-0.2463035	6.258144	16.436792
	1061044535	-0.3600281	6.5119295	15.293562
	1061044552	-0.34446576	6.853103	14.502278
	1061044553	-0.33369187	7.1559696	14.024635
	1061044553	-0.34207156	7.3702507	13.678673
	1061044555	-0.32291797	7.5438304	13.397354
	1061044572	-0.48332947	7.691074	13.248914
	1061044572	-0.76584524	7.7880387	13.009494
	1061044573	-1.047164	7.8395143	12.612056
	1061044588	-1.2650363	7.792827	12.202647
	1061044589	-1.3763667	7.721001	11.647193
	1061044589	-1.3871406	7.6838913	11.072584
	1061044590	-1.415871	7.5833344	10.483611
	1061044602	-1.4565724	7.4720044	9.965266
	1061044602	-1.4266449	7.290045	9.367912
	1061044605	-1.3392565	7.2146277	8.915408
	1061044620	-1.2817957	7.0482306	8.509591
	1061044620	-1.1824363	6.890213	8.189965
	1061044620	-1.0004771	6.6472015	7.9768815
	1061044624	-0.75148004	6.4185553	7.968502
	1061044635	-0.5455787	6.194698	7.98167
	1061044635	-0.43305123	6.031892	8.010401
	1061044639	-0.4115034	5.8271875	8.16363
	1061044653	-0.4055179	5.6105123	8.237849
	1061044653	-0.50607437	5.360318	8.278551
	1061044654	-0.5802946	5.1029415	8.375516
	1061044672	-0.6712743	4.8252144	8.446145
	1061044672	-0.8089409	4.648043	8.555081
	1061044673	-1.1620857	4.4624925	8.623316
	1061044674	-1.4948797	4.2733507	8.604162
	1061044685	-1.7917607	4.0327334	8.547898
	1061044686	-2.032378	3.8220437	8.430583
	1061044688	-2.2873604	3.6412816	8.279748
	1061044701	-2.518401	3.540725	8.082227
	1061044701	-2.7123313	3.4174237	7.8104844
	1061044705	-2.8128877	3.290531	7.492056
	1061044708	-2.8212674	3.1636384	7.1185603
	1061044719	-2.82845	3.0511107	6.6720414
	1061044720	-2.780566	2.9385834	6.0998273
	1061044723	-2.743456	2.7745805	5.405509
	1061044735	-2.6776154	2.648885	4.8668137
	1061044736	-2.5770588	2.5279777	4.4597993
	1061044738	-2.4058735	2.3520038	4.127005
	1061044750	-2.1640592	2.1688476	4.0815153
	1061044751	-2.1425111	2.0730793	3.9175124
	1061044753	-2.2526445	1.9617491	3.7774518
	1061044768	-2.435801	1.8935143	3.7582982
	1061044768	-2.695572	1.85401	3.8851907
	1061044769	-3.0116065	1.7977462	3.9965212
	1061044772	-3.2234933	1.8671781	4.1545386
	1061044786	-3.4138324	1.9318215	4.2610803
	1061044787	-3.4521396	2.0407577	4.4119153
	1061044787	-3.4042556	2.0970213	4.743512
	1061044802	-3.3491888	2.2526445	5.065532
	1061044802	-3.3946788	2.530372	5.271434
	1061044802	-3.552696	2.8200703	5.361216
	1061044807	-3.6724062	3.1061773	5.33488
	1061044820	-3.7442322	3.3862991	5.4246626
	1061044820	-3.7382467	3.6496613	5.5563436
	1061044822	-3.635296	3.9704843	5.5551467
	1061044837	-3.3336265	4.1656117	5.8185086
	1061044837	-2.8260558	4.3511624	6.2650275
	1061044838	-2.3340473	4.480449	6.904279
	1061044853	-1.7726071	4.490026	7.4908586
	1061044853	-1.1584944	4.3763013	8.3408
	1061044853	-0.61261636	4.1704	9.167996
	1061044856	-0.018854339	3.883096	10.199898
	1061044869	0.4468179	3.6616323	11.401787
	1061044869	0.77003515	3.3539772	12.594099
	1061044871	0.8825626	3.1121628	13.67987
	1061044886	0.7508815	2.9325979	14.878168
	1061044886	0.4540005	2.853589	15.9579525
	1061044887	0.032621	2.8392239	16.758814
	1061044891	-0.45220485	2.909853	17.485453
	1061044902	-0.9909002	3.1564558	17.928381
	1061044902	-1.4577695	3.4712932	18.15583
	1061044906	-1.8324621	3.7813423	17.98704
	1061044918	-2.1951838	4.1763854	17.744028
	1061044918	-2.422633	4.558261	17.44595
	1061044922	-2.5495255	4.9940057	17.018583
	1061044937	-2.5710733	5.378275	16.597204
	1061044937	-2.483685	5.679944	16.098013
	1061044938	-2.3089082	5.995979	15.457564
	1061044940	-2.1532853	6.2318077	14.438832
	1061044952	-1.9102737	6.379051	13.119627
	1061044952	-1.463755	6.4413004	11.762115
	1061044955	-0.9011177	6.522703	9.399037
	1061044967	-0.28461072	6.6292453	7.7853456
	1061044967	0.5880758	6.6914945	7.129334
	1061044970	1.0836755	6.6567783	7.5447283
	1061044986	1.1938088	6.6100917	8.261791
	1061044986	1.005864	6.472425	9.0016
	1061044986	0.9747394	6.3156047	9.725846
	1061044989	1.0130466	6.1707554	10.23222
	1061045001	1.0310031	6.165967	10.585364
	1061045001	0.9831191	6.132448	10.575788
	1061045004	0.79517424	6.1312513	10.678739
	1061045017	0.69701195	6.060622	10.831967
	1061045017	0.6180033	6.0630164	10.882245
	1061045019	0.47674543	6.151602	10.691906
	1061045024	0.1619079	6.0881557	10.337564
	1061045036	-0.16729484	5.9253497	9.808446
	1061045037	-0.3660136	5.6583962	9.442133
	1061045039	-0.43783963	5.4477067	9.391854
	1061045053	-0.358831	5.260959	9.598953
	1061045054	-0.2391209	5.193921	9.993997
	1061045054	-0.13018471	5.022736	10.4010105
	1061045070	-0.14335282	4.7545853	10.53748
	1061045070	-0.3576339	4.4265795	10.5602255
	1061045070	-0.49170917	4.1057568	10.557831
	1061045073	-0.5503671	3.8471828	10.415376
	1061045084	-0.3983353	3.644873	10.295666
	1061045085	-0.2510919	3.458125	10.189124
	1061045088	0.0026934769	3.2701802	10.029909
	1061045101	0.3043629	3.1109657	9.768942
	1061045101	0.5150526	2.9804819	9.52593
	1061045103	0.67785835	2.8727427	9.1512375
	1061045108	0.7628525	2.8751369	8.589797
	