	1061020818	0.981922	7.3355346	8.585009
	1061020833	0.887351	7.38701	8.343194
	1061020834	0.68384385	7.457639	8.210316
	1061020834	0.53899467	7.38701	8.254609
	1061020839	0.25528175	7.2493434	8.27496
	1061020850	-0.083497785	7.1188593	8.310873
	1061020850	-0.42706573	7.0254855	8.359954
	1061020852	-0.62219316	6.836344	8.520366
	1061020871	-0.72035545	6.6172743	8.908226
	1061020871	-0.75866264	6.317999	9.439739
	1061020871	-0.74788874	6.055834	10.2178545
	1061020872	-0.6964134	5.756559	11.130045
	1061020888	-0.63176996	5.5159416	11.990761
	1061020888	-0.5551555	5.247791	12.661138
	1061020888	-0.43903673	4.9928083	13.220183
	1061020898	-0.37798458	4.773739	13.63438
	1061020898	-0.28580782	4.600159	13.7445135
	1061020901	-0.21158758	4.525939	13.590087
	1061020915	-0.17687166	4.456507	13.214198
	1061020915	-0.11462241	4.4253826	12.61445
	1061020916	-0.09546879	4.488829	11.790845
	1061020921	-0.118213706	4.46369	10.931327
	1061020934	-0.11342531	4.4912233	10.161591
	1061020934	-0.19123685	4.5187564	9.466075
	1061020936	-0.33728316	4.5067854	8.872313
	1061020950	-0.41629183	4.5079827	8.404246
	1061020951	-0.5479729	4.4720693	8.003218
	1061020951	-0.61141926	4.4385505	7.7745714
	1061020966	-0.62698156	4.4936175	7.6345105
	1061020966	-0.59346277	4.4708724	7.6644382
	1061020967	-0.58867437	4.4469304	7.7254906
	1061020971	-0.50966567	4.4505215	7.8906903
	1061020983	-0.4031237	4.4708724	8.142081
	1061020983	-0.32531217	4.4481273	8.398261
	1061020986	-0.21398178	4.4229884	8.66282
	1061020999	-0.11462241	4.4349594	8.82802
	1061020999	0.017058687	4.432565	9.086594
	1061021002	0.15951368	4.3882723	9.36911
	1061021005	0.3211223	4.3427825	9.506777
	1061021018	0.4563947	4.2889132	9.613318
	1061021018	0.59047	4.242226	9.555858
	1061021020	0.66469026	4.1907506	9.341577
	1061021034	0.67666125	4.2122984	9.10455
	1061021034	0.7161656	4.2266636	8.741829
	1061021035	0.78200614	4.2829275	8.285733
	1061021049	0.744896	4.3415856	7.754221
	1061021049	0.77003515	4.391864	7.294534
	1061021050	0.744896	4.4469304	6.8827314
	1061021066	0.7556699	4.510377	6.553529
	1061021066	0.7077859	4.5690346	6.241085
	1061021067	0.7269395	4.5810056	6.013636
	1061021069	0.66469026	4.6037507	5.823297
	1061021082	0.65391636	4.6025534	5.7095723
	1061021082	0.6215946	4.62051	5.6150017
	1061021084	0.626383	4.596568	5.617396
	1061021100	0.56054246	4.632481	5.6030307
	1061021100	0.5210382	4.6169186	5.7395
	1061021100	0.5090671	4.5893855	5.847239
	1061021104	0.459986	4.552275	6.031593
	1061021118	0.3390788	4.648043	6.1225724
	1061021118	0.28042087	4.692336	6.223129
	1061021119	0.11881226	4.728249	6.2219315
	1061021133	0.080505036	4.7294464	6.2554507
	1061021134	-0.026036944	4.798878	6.329671
	1061021134	-0.07751228	4.853945	6.4026937
	1061021138	-0.18285716	4.8527474	6.4721255
	1061021152	-0.2558803	4.8503532	6.5020533
	1061021153	-0.29658175	4.8766894	6.499659
	1061021153	-0.31693244	4.8491564	6.541558
	1061021167	-0.3672107	4.8407764	6.5846534
	1061021167	-0.4031237	4.880281	6.651691
	1061021168	-0.42227733	4.883872	6.655282
	1061021183	-0.47734398	4.9700637	6.6744356
	1061021183	-0.46896425	5.0155535	6.687604
	1061021184	-0.49410337	5.0730143	6.7103486
	1061021188	-0.43185413	5.0909705	6.657676
	1061021199	-0.47135845	5.2070894	6.758233
	1061021199	-0.45699325	5.284901	6.7342906
	1061021203	-0.47375265	5.396231	6.891111
	1061021230	-0.50607437	5.4596777	6.96174
	1061021230	-0.51684827	5.482423	7.2191167
	1061021230	-0.5288193	5.52073	7.3029137
	1061021231	-0.5300164	5.6452284	7.415441
	1061021231	-0.46537295	5.7278285	7.5890207
	1061021233	-0.537199	5.820005	7.802105
	1061021237	-0.45100775	5.864298	7.9673047
	1061021250	-0.46417585	5.968446	8.022371
	1061021250	-0.45340195	6.069002	8.089409
	1061021252	-0.3636194	6.162376	8.216302
	1061021266	-0.28221652	6.1839237	8.368334
	1061021267	-0.16011223	6.2629323	8.502409
	1061021267	-0.038007952	6.326379	8.705916
	1061021286	0.06254852	6.3838396	8.868722
	1061021286	0.16071078	6.4640455	8.929773
	1061021286	0.28520927	6.493973	8.933365
	1061021286	0.47674543	6.54066	8.851962
	1061021300	0.55814826	6.5598135	8.776545
	1061021301	0.64912796	6.5478425	8.674791
	1061021301	0.78559744	6.578967	8.653243
	1061021315	0.80834234	6.5993176	8.467693
	1061021315	0.8693945	6.5574193	8.479664
	1061021316	0.9507974	6.493973	8.545505
	1061021321	1.124377	6.4616513	8.680777
	1061021332	1.2165537	6.392219	8.891466
	1061021332	1.3183073	6.3371525	9.111733
	1061021336	1.3314754	6.3814454	9.4217825
	1061021357	1.3518262	6.401796	9.648034
	1061021357	1.3218986	6.450877	9.87668
	1061021357	1.2392987	6.5035496	10.153211
	1061021357	1.1950059	6.5095353	10.263344
	1061021367	1.2237363	6.5490394	10.257359
	1061021367	1.2333132	6.5514336	10.201095
	1061021370	1.3039421	6.4879875	9.964069
	1061021383	1.409287	6.416161	9.803658
	1061021383	1.5493478	6.29286	9.521142
	1061021385	1.7025766	6.1001267	9.248202
	1061021399	1.7791911	5.949292	9.108142
	1061021400	1.8869302	5.8128223	9.0554695
	1061021400	1.9886838	5.666776	9.11293
	1061021405	2.0389621	5.390246	9.273342
	1061021419	2.1048026	5.178359	9.670779
	1061021419	2.1359272	4.9114056	10.160394
	1061021420	2.192191	4.6755767	10.59135
	1061021434	2.2101474	4.4505215	10.87626
	1061021434	2.1526866	4.2613797	11.060614
	1061021436	2.145504	4.061464	11.304822
	1061021440	2.121562	3.944148	11.464036
	1061021450	2.0293853	3.8340147	11.428123
	1061021450	1.9874867	3.7370496	11.382633
	1061021454	1.9012954	3.6855743	11.321581
	1061021466	1.7803882	3.680786	11.082161
	1061021466	1.7492636	3.7143047	10.804434
	1061021469	1.6606781	3.8352118	10.48002
	1061021484	1.6391304	3.884293	10.107721
	1061021485	1.671452	3.8866873	9.724648
	1061021485	1.6630723	3.9609075	9.248202
	1061021500	1.635539	3.9764698	8.902241
	1061021500	1.5361797	4.033931	8.574235
	1061021500	1.4236522	4.073435	8.279748
	1061021504	1.3602059	4.062661	8.139688
	1061021524	1.2859856	4.0710406	8.132504
	1061021525	1.2560581	4.0830116	8.222287
	1061021525	1.2153566	4.012383	8.364742
	1061021525	1.1578958	4.025551	8.59698
	1061021535	1.1650784	3.919009	8.777742
	1061021535	1.1375451	3.7861307	8.99322
	1061021538	1.0824784	3.7238815	9.330803
	1061021549	1.0609306	3.632902	9.607333
	1061021549	0.99389297	3.5586815	9.943718
	1061021553	0.8646061	3.5323453	10.305243
	1061021567	0.78918874	3.504812	10.666767
	1061021567	0.67067575	3.4281976	10.919355
	1061021568	0.53899467	3.456928	11.018715
	1061021574	0.39414546	3.4353802	11.034277
	1061021586	0.23253684	3.4174237	10.842741
	1061021586	0.07332243	3.4054527	10.617686
	1061021588	-0.13976152	3.4341831	10.268132
	1061021603	-0.22116438	3.4736874	9.841965
	1061021603	-0.28700492	3.588609	9.244612
	1061021603	-0.47135845	3.656844	8.893861
	1061021618	-0.537199	3.705925	8.486847
	1061021619	-0.58388597	3.7825394	7.867945
	1061021619	-0.6605004	3.8471828	7.2741833
	1061021622	-0.71436995	3.9022496	6.7546415
	1061021633	-0.74549454	3.9597104	6.2781954
	1061021633	-0.6928221	4.012383	6.0124393
	1061021637	-0.75626844	4.057873	5.7179523
	1061021648	-0.7826047	4.120122	5.605425
	1061021649	-0.85802203	4.217087	5.593454
	1061021654	-0.9106945	4.2733507	5.522825
	1061021666	-0.9669582	4.2446203	5.599439
	1061021667	-1.0064626	4.2470145	5.7263317
	1061021667	-1.0543466	4.227861	5.9442043
	1061021672	-1.0519524	4.2266636	6.1608796
	1061021684	-0.9837176	4.206313	6.4469867
	1061021684	-0.9130887	4.1871595	6.6600704
	1061021687	-0.85443074	4.1871595	6.7761893
	1061021701	-0.6988076	4.2146926	6.821679
	1061021701	-0.5659294	4.1847653	6.845621
	1061021701	-0.49530047	4.2003274	6.791752
	1061021718	-0.42826283	4.263774	6.621763
	1061021718	-0.4079121	4.314052	6.269816
	1061021718	-0.38037878	4.3511624	6.0806737
	1061021721	-0.34087446	4.4385505	5.8604074
	1061021734	-0.33728316	4.5415015	5.659294
	1061021734	-0.29179335	4.600159	5.54557
	1061021736	-0.27383682	4.648043	5.4845176
	1061021748	-0.29777884	4.773739	5.521628
	1061021749	-0.27503392	4.882675	5.632958
	1061021751	-0.30974984	4.9509096	5.831677
	1061021756	-0.29179335	5.056255	6.1728506
	1061021767	-0.27982232	5.104139	6.4685345
	1061021768	-0.29658175	5.1364603	6.7510505
	1061021770	-0.2415151	5.1735706	7.0347633
	1061021784	-0.26545712	5.234623	7.24665
	1061021784	-0.30615854	5.31004	7.441777
	1061021785	-0.2546832	5.332785	7.6704235
	1061021803	-0.28939912	5.444115	7.937377
	1061021803	-0.22355859	5.5159416	8.125322
	1061021803	-0.16609775	5.5877676	8.328829
	1061021805	-0.11581951	5.6967034	8.350377
	1061021820	-0.14335282	5.816414	8.22947
	1061021820	-0.1074398	5.9696426	8.023568
	1061021820	-0.13138182	6.1132946	7.689577
	1061021832	-0.17926586	6.234202	7.450157
	1061021832	-0.26306292	6.3455324	7.2610154
	1061021835	-0.34326866	6.4293294	7.2322845
	1061021849	-0.3851672	6.600515	7.2634096
	1061021849	-0.48452657	6.746561	7.3687544
	1061021849	-0.5743091	6.844723	7.635708
	1061021854	-0.60184246	6.9620395	7.9433627
	1061021872	-0.6844424	7.0470333	8.45213
	1061021873	-0.7754221	7.1296334	8.863934
	1061021873	-0.7694366	7.2517376	9.365519
	1061021885	-0.83408004	7.3295493	9.813234
	1061021885	-0.84485394	7.3941927	10.185533
	1061021885	-0.8089409	7.4743986	10.532692
	1061021889	-0.72274965	7.5151	10.699089
	1061021899	-0.6533178	7.565378	10.810419
	1061021899	-0.59346277	7.6060796	10.849923
	1061021904	-0.5228338	7.6455836	10.751761
	1061021916	-0.46776715	7.6551604	10.645219
	1061021916	-0.47255555	7.6802998	10.320805
	1061021919	-0.46297875	7.6719203	10.049063
	1061021941	-0.5563526	7.6431894	9.869498
	1061021941	-0.6593033	7.6551604	9.69113
	1061021942	-0.8065467	7.584532	9.492412
	1061021942	-0.9609727	7.5115085	9.523536
	1061021943	-1.1153988	7.4636245	9.6528225
	1061021948	-1.2219406	7.4360914	9.935339
	1061021953	-1.2985551	7.360674	10.228628
	1061021960	-1.4290391	7.2577233	10.609306
	1061021979	-1.5714941	7.0578074	11.018715
	1061021979	-1.6552912	6.830358	11.444882
	1061021980	-1.6983868	6.541857	11.649587
	1061021980	-1.6576854	6.1935005	11.865065
	1061021983	-1.5798738	5.9349265	12.042236
	1061021988	-1.5260043	5.654805	12.177508
	1061022000	-1.4003087	5.39264	12.281656
	1061022000	-1.2315176	5.1053357	12.250531
	1061022002	-1.1213843	4.8527474	12.148778
	1061022015	-0.9585785	4.585794	12.0159
	1061022015	-0.85083944	4.3415856	11.812392
	1061022017	-0.7670424	4.169203	11.623251
	1061022023	-0.6808511	4.0291424	11.376648
	1061022036	-0.6533178	3.9010525	11.112088
	1061022037	-0.61620766	3.7921162	10.841544
	1061022037	-0.5587468	3.7322612	10.561422
	1061022052	-0.5300164	3.6269164	10.26933
	1061022053	-0.45819035	3.565864	10.010756
	1061022053	-0.44981065	3.5814264	9.697116
	1061022068	-0.42108023	3.5706525	9.2494
	1061022068	-0.43664253	3.5335424	8.913014
	1061022069	-0.33488896	3.5790322	8.478467
	1061022072	-0.26426002	3.634099	8.168418
	1061022083	-0.16011223	3.6963482	7.9313917
	1061022083	-0.00808043	3.778948	7.647679
	1061022088	0.086490534	3.8639424	7.4669166
	1061022100	0.11282676	3.9992146	7.3986816
	1061022100	0.12360066	4.090194	7.138911
	1061022101	0.09726445	4.2122984	6.9844847
	1061022106	0.06374562	4.2146926	6.783372
	1061022116	0.100855745	4.262577	6.7546415
	1061022116	0.04938041	4.238635	6.7725983
	1061022121	0.056563016	4.21589	6.84203
	1061022134	0.0362123	4.239832	7.008427
	1061022134	0.052971713	4.248212	7.1724296
	1061022136	0.1906383	4.120122	7.353192
	1061022151	0.1714847	4.063858	7.5375457
	1061022152	0.011073183	4.1488523	7.650073
	1061022152	-0.13856442	4.1883564	7.6800003
	1061022155	-0.13138182	4.2709565	7.7410526
	1061022169	-0.024839843	4.218284	7.8667483
	1061022170	-0.016460137	4.2254667	7.6668324
	1061022170	-0.13138182	4.29849	7.6668324
	1061022182	-0.16490065	4.2709565	7.353192
	1061022183	-0.16849194	4.3451767	7.0730705
	1061022185	-0.20081367	4.3655276	6.9006877
	1061022199	-0.21398178	4.45531	6.567894
	1061022199	-0.240318	4.570232	6.271013
	1061022200	-0.26306292	4.609736	6.085462
	1061022205	-0.22595279	4.6049476	6.072294
	1061022217	0.23612814	4.46369	6.663662
	1061022217	0.067336924	4.4960117	5.617396
	1061022220	-0.16250645	4.5187564	5.229535
	1061022236	-0.45579615	4.7114897	5.20679
	1061022236	-0.7730279	4.906617	5.3157263
	1061022236	-0.9370307	5.0526633	5.453393
	1061022240	-1.0028713	5.1232924	5.6999955
	1061022252	-1.0064626	5.1268835	5.976526
	1061022252	-0.9011177	5.0514665	6.395511
	1061022254	-0.8053496	4.9940057	6.678027
	1061022268	-0.7047931	4.9126024	6.8982935
	1061022268	-0.64134675	4.82282	7.0347633
	1061022269	-0.5755062	4.7952867	7.092224
	1061022285	-0.63416415	4.808455	7.137714
	1061022285	-0.6485294	4.928165	6.9342065
	1061022285	-0.5779004	4.9114056	6.905476
	1061022289	-0.5575497	4.889858	6.5247984
	1061022300	-0.5695207	4.917391	6.0208187
	1061022300	-0.6856395	5.0418897	5.5000796
	1061022305	-0.940622	5.228637	5.1182046
	1061022318	-1.1644799	5.4656634	4.707599
	1061022319	-1.2279263	5.667973	4.496909
	1061022319	-1.1608886	5.7876835	4.3879733
	1061022333	-0.9549872	5.8750715	4.5160627
	1061022334	-0.75148004	5.9193645	4.8045645
	1061022334	-0.703596	5.973234	5.2642508
	1061022338	-0.76345104	6.0414686	5.939416
	1061022350	-0.85323364	6.1240687	6.5391636
	1061022351	-0.8137293	6.2054715	7.08983
	1061022353	-0.83168584	6.2473702	7.445369
	1061022372	-0.82929164	6.290466	7.7171106
	1061022372	-0.76225394	6.3275757	7.984064
	1061022372	-0.7706337	6.48679	8.185177
	1061022373	-0.774225	6.492776	8.382699
	1061022388	-0.7012018	6.618471	8.436568
	1061022389	-0.63176996	6.7034655	8.546701
	1061022389	-0.5527613	6.746561	8.45213
	1061022401	-0.43305123	6.7142396	8.381501
	1061022401	-0.31214404	6.7178307	8.34918
	1061022402	-0.21039048	6.6914945	8.39467
	1061022418	-0.118213706	6.6651583	8.380304
	1061022418	0.0338181	6.6711435	8.55987
	1061022419	0.11881226	6.648399	8.747814
	1061022422	0.27323827	6.6651583	8.881889
	1061022435	0.41329905	6.675932	9.069835
	1061022436	0.49949032	6.6735377	9.176376
	1061022437	0.5150526	6.730999	9.364322
	1061022450	0.5174468	6.683115	9.507974
	1061022451	0.5952584	6.7022686	9.673173
	1061022452	0.64912796	6.707057	9.730635
	1061022464	0.7185598	6.7992334	9.786898
	1061022464	0.7149685	6.912958	9.782109
	1061022468	0.7341221	7.0075293	9.703101
	1061022471	0.79038584	7.146393	9.675568
	1061022482	0.8322844	7.2385697	9.755774
	1061022483	0.9412205	7.255329	9.725846
	1061022486	1.1004349	7.164349	9.783307
	1061022503	1.4009073	7.0099235	9.663596
	1061022503	1.6750433	6.827964	9.694721
	1061022503	1.8007389	6.618471	9.779716
	1061022507	1.9635447	6.4544687	10.009559
	1061022518	2.0401592	6.2294135	10.475231
	1061022518	2.0784664	5.939715	10.936115
	1061022523	2.0593128	5.76015	11.401787
	1061022534	2.0832548	5.484817	11.886613
	1061022534	2.0305824	5.2214546	12.238561
	1061022536	1.9599533	4.9772463	12.479177
	1061022549	1.9180548	4.7031097	12.613253
	1061022550	1.7612346	4.558261	12.468404
	1061022550	1.6187797	4.4912233	12.290036
	1061022555	1.4703391	4.430171	11.936892
	1061022565	1.3254899	4.433762	11.605294
	1061022565	1.2021885	4.4385505	11.054627
	1061022570	1.0705074	4.5091796	10.49199
	1061022582	0.9675568	4.564246	9.86471
	1061022582	0.8885481	4.6276927	9.306861
	1061022585	0.7640496	4.689942	8.805275
	1061022605	0.7053917	4.7198696	8.376713
	1061022605	0.6060323	4.8012724	8.01878
	1061022606	0.56533086	4.8252144	7.946954
	1061022606	0.4623802	4.773739	7.8212585
	1061022618	0.4540005	4.770148	7.888296
	1061022618	0.4635773	4.74022	7.9744873
	1061022620	0.37499183	4.707898	8.083424
	1061022635	0.3139397	4.695927	8.133701
	1061022635	0.23253684	4.584597	8.280945
	1061022635	0.23971945	4.4589014	8.346786
	1061022640	0.24450785	4.359542	8.407838
	1061022653	0.3127426	4.3128552	8.486847
	1061022653	0.35464114	4.2769423	8.494029
	1061022654	0.40013096	4.1967363	8.474875
	1061022666	0.4468179	4.1285014	8.537125
	1061022666	0.5162497	4.1428666	8.474875
	1061022669	0.55575407	4.132093	8.428188
	1061022680	0.6012439	4.108151	8.374319
	1061022681	0.6192004	4.0830116	8.309675
	1061022685	0.67306995	4.0770264	8.341997
	1061022689	0.6323685	4.0327334	8.279748
	1061022698	0.6168062	4.0710406	8.314464
	1061022699	0.530615	4.025551	8.222287
	1061022703	0.40851066	4.049493	8.122928
	1061022729	0.25169045	4.0830116	8.0367365
	1061022729	0.13557167	4.084209	7.885902
	1061022729	0.051774614	4.1548376	7.724293
	1061022729	-0.057161566	4.1548376	7.6680293
	1061022730	-0.16130935	4.2314525	7.510012
	1061022733	-0.31932664	4.2553945	7.295731
	1061022749	-0.46537295	4.334403	7.0874357
	1061022749	-0.5707178	4.373907	6.827665
	1061022749	-0.7023989	4.454113	6.583456
	1061022753	-0.8149264	4.561852	6.287772
	1061022766	-0.9118916	4.6229043	6.0782795
	1061022767	-1.0280104	4.584597	6.073491
	1061022768	-1.0507553	4.6264954	5.8903346
	1061022785	-1.0555437	4.6671968	5.8747725
	1061022785	-1.0507553	4.683956	5.769428
	1061022786	-0.9909002	4.7102923	5.6138043
	1061022788	-1.0304046	4.7414174	5.533599
	1061022801	-0.9777321	4.7186723	5.466561
	1061022802	-0.91668	4.7318406	5.4366336
	1061022802	-0.8197148	4.7090955	5.405509
	1061022819	-0.74549454	4.677971	5.4354362
	1061022819	-0.63176996	4.6636057	5.3983264
	1061022820	-0.5395932	4.6157217	5.66528
	1061022822	-0.43424833	4.61213	5.743091
	1061022833	-0.30496144	4.666	5.976526
	1061022833	-0.23193829	4.6612115	6.132149
	1061022837	-0.21996728	4.6432548	6.27221
	1061022848	-0.26066872	4.7114897	6.3643866
	1061022848	-0.26186582	4.7653594	6.475717
	1061022852	-0.27263972	4.809652	6.621763
	1061022866	-0.32291797	4.870704	6.664859
	1061022866	-0.32890347	4.9497128	6.782175
	1061022867	-0.31573534	5.050269	6.7342906
	1061022871	-0.30376434	5.1232924	6.7845693
	1061022883	-0.33608606	5.1891327	6.758233
	1061022883	-0.32172084	5.27293	6.761824
	1061022886	-0.34446576	5.379472	6.7869635
	1061022903	-0.33488896	5.52073	6.7187285
	1061022903	-0.27862522	5.6727614	6.717531
	1061022904	-0.28820202	5.8415527	6.6002154
	1061022918	-0.2534861	6.054637	6.522404
	1061022919	-0.2534861	6.1911063	6.5643024
	1061022919	-0.26066872	6.3395467	6.4900823
	1061022921	-0.2498948	6.552631	6.570288
	1061022933	-0.19482817	6.675932	6.6241574
	1061022934	-0.19363107	6.8076134	6.6983776
	1061022936	-0.17806876	6.829161	6.7845693
	1061022950	-0.18405426	6.9081697	6.9904704
	1061022950	-0.13856442	6.9536595	7.191583
	1061022950	-0.14095862	7.026683	7.367557
	1061022967	-0.083497785	7.0159087	7.555502
	1061022967	-0.07990648	7.0398507	7.840412
	1061022967	-0.20560206	7.076961	8.161235
	1061022970	-0.23313539	7.092523	8.395866
	1061022993	-0.31693244	7.13921	8.765771
	1061022993	-0.3839701	7.1559696	9.099762
	1061022993	-0.46058455	7.208642	9.385869
	1061022993	-0.50248307	7.2720885	9.826403
	1061022995	-0.47614688	7.306804	10.277709
	1061023000	-0.47854108	7.3702507	10.538677
	1061023005	-0.5395932	7.400178	10.725425
	1061023018	-0.5503671	7.4851723	10.73979
	1061023018	-0.54917	7.5976996	10.660782
	1061023020	-0.6497265	7.6072764	10.47164
	1061023037	-0.667683	7.6743145	10.201095
	1061023038	-0.74788874	7.730578	9.920973
	1061023038	-0.8245032	7.7485347	9.636064
	1061023044	-0.9909002	7.8059955	9.547478
	1061023045	-1.105822	7.792827	9.324817
	1061023057	-1.2901754	7.768885	9.376292
	1061023057	-1.4230536	7.718607	9.452907
	1061023069	-1.5475521	7.590517	9.792884
	1061023069	-1.5714941	7.3475056	10.226234
	1061023069	-1.6337434	7.124845	10.718243
	1061023083	-1.5978304	6.8590884	11.401787
	1061023083	-1.5295956	6.553828	12.082937
	1061023084	-1.4194623	6.2509613	12.849082
	1061023089	-1.2566566	6.000767	13.535021
	1061023099	-1.1405379	5.758953	14.072519
	1061023099	-1.0196307	5.5410805	14.474745
	1061023103	-0.8759785	5.3028574	14.515447
	1061023119	-0.6712743	5.1627965	14.070125
	1061023119	-0.47494975	5.0275245	13.39496
	1061023120	-0.43903673	4.9820347	12.582129
	1061023132	-0.41748893	4.9652753	11.673529
	1061023132	-0.394744	4.8754926	10.723031
	1061023133	-0.42586863	4.82282	9.917382
	1061023138	-0.47734398	4.812046	9.1512375
	1061023148	-0.5743091	4.796484	8.383896
	1061023149	-0.64134675	4.857536	7.7027454
	1061023153	-0.71676415	4.901829	7.2227077
	1061023165	-0.7047931	4.8994346	6.9078703
	1061023165	-0.6724714	4.865916	6.755839
	1061023168	-0.6461352	4.8048635	6.6504936
	1061023186	-0.61381346	4.717475	6.8360443
	1061023186	-0.6772598	4.704307	7.032369
	1061023187	-0.6736685	4.7067013	7.2789717
	1061023188	-0.70958155	4.660014	7.4872675
	1061023203	-0.61740476	4.6276927	7.7829514
	1061023203	-0.5563526	4.630087	7.937377
	1061023204	-0.51924247	4.5450926	8.061875
	1061023217	-0.4127005	4.547487	8.16722
	1061023218	-0.28580782	4.4361563	8.374319
	1061023218	-0.21637598	4.322432	8.476072
	1061023222	-0.055964466	4.2146926	8.525154
	1061023233	0.042197805	4.145261	8.446145
	1061023234	0.16071078	4.0447044	8.46051
	1061023237	0.26126727	4.048296	8.286931
	1061023251	0.3127426	4.027945	8.120534
	1061023251	0.28880057	4.048296	7.8188643
	1061023252	0.3103484	4.01358	7.5207863
	1061023268	0.3354875	3.9465423	7.233482
	1061023268	0.38935706	4.009989	6.9820905
	1061023268	0.35823244	4.0171714	6.827665
	1061023271	0.36062664	4.0770264	6.6349316
	1061023284	0.3151368	4.145261	6.425439
	1061023284	0.28161797	4.2530003	6.3380504
	1061023286	0.27204117	4.3128552	6.3045316
	1061023302	0.3199252	4.367922	6.2458735
	1061023303	0.32471362	4.4409447	6.297349
	1061023303	0.35942954	4.5091796	6.269816
	1061023306	0.40851066	4.523545	6.27221
	1061023317	0.42048168	4.5187564	6.1955953
	1061023317	0.41569328	4.5079827	6.193201
	1061023321	0.36661214	4.504391	6.202778
	1061023334	0.32950202	4.5331216	6.217143
	1061023334	0.3007716	4.5391073	6.3260794
	1061023337	0.25528175	4.5558667	6.431424
	1061023350	0.22415714	4.600159	6.5906386
	1061023350	0.1643021	4.693533	6.7761893
	1061023350	0.09606735	4.725855	6.927024
	1061023355	0.10923545	4.7665563	7.0587053
	1061023369	0.07332243	4.800075	7.16405
	1061023369	0.032621	4.834791	7.2298903
	1061023370	-0.028431145	4.880281	7.225102
	1061023384	-0.100257196	4.976049	7.2993226
	1061023385	-0.19123685	5.0538607	7.2981253
	1061023385	-0.23074119	5.1149125	7.281366
	1061023401	-0.26904842	5.1484313	7.3364325
	1061023401	-0.33010057	5.1963153	7.2981253
	1061023401	-0.35045126	5.298069	7.1832037
	1061023405	-0.3648165	5.4105964	7.0742674
	1061023417	-0.45220485	5.5147443	6.9246297
	1061023417	-0.44382513	5.5195327	6.770204
	1061023419	-0.46297875	5.6117096	6.577471
	1061023437	-0.5431845	5.6009355	6.5427547
	1061023437	-0.50487727	5.6703672	6.5523314
	1061023437	-0.5348048	5.726631	6.5738792
	1061023440	-0.59705406	5.8415527	6.6265516
	1061023454	-0.64014965	5.926547	6.791752
	1061023455	-0.6832453	6.006753	7.021595
	1061023455	-0.6664859	6.067805	7.2203135
	1061023469	-0.64254385	6.1216745	7.510012
	1061023469	-0.62458736	6.1827264	7.7530236
	1061023470	-0.5503671	6.2114573	8.076241
	1061023482	-0.44143093	6.2509613	8.271368
	1061023482	-0.32890347	6.307225	8.503606
	1061023484	-0.32172084	6.3227873	8.654441
	1061023489	-0.2582745	6.3587003	8.765771
	1061023499	-0.11462241	6.341941	8.768166
	1061023500	-0.036810853	6.3215904	8.704719
	1061023503	-0.0020949265	6.328773	8.58022
	1061023521	0.11282676	6.2737064	8.472482
	1061023521	0.15711948	6.2138515	8.306085
	1061023522	0.26964697	6.189909	8.140884
	1061023536	0.30556	6.0989294	8.185177
	1061023536	0.42886138	6.0378776	8.197148
	1061023537	0.47794253	6.031892	8.271368
	1061023538	0.43245268	5.9899936	8.5060005
	1061023549	0.40970775	5.998373	8.756194
	1061023549	0.43364978	6.0713964	8.913014
	1061023554	0.32950202	6.1456165	9.146449
	1061023566	0.27084407	6.1911063	9.190742
	1061023566	0.25528175	6.3096194	9.207501
	1061023568	0.33069912	6.4353147	9.099762
	1061023572	0.3378817	6.582558	9.081805
	1061023589	0.39653966	6.6567783	9.003994
	1061023589	0.5270237	6.684312	8.996812
	1061023589	0.6048352	6.6172743	8.855554
	1061023601	0.7544728	6.468834	8.786121
	1061023602	0.8741829	6.36708	8.901043
	1061023602	1.0322002	6.2114573	9.135675
	1061023616	1.2237363	6.0713964	9.524733
	1061023616	1.4404116	5.8654947	9.993997
	1061023617	1.5852607	5.6212864	10.655993
	1061023622	1.7205333	5.367501	11.276092
	1061023634	1.8079215	5.168782	11.823167
	1061023634	1.8522143	5.0215387	12.30919
	1061023637	1.848623	4.893449	12.522273
	1061023652	1.777994	4.79409	12.671911
	1061023652	1.7767969	4.7067013	12.545018
	1061023652	1.7480665	4.6791677	12.354679
	1061023669	1.7049708	4.5905824	11.911752
	1061023669	1.7648259	4.558261	11.373056
	1061023670	1.7791911	4.534319	10.778097
	1061023671	1.7827824	4.524742	10.096947
	1061023683	1.7624317	4.5678377	9.539098
	1061023683	1.754052	4.5630493	9.061455
	1061023686	1.7277158	4.552275	8.79929
	1061023698	1.6882114	4.510377	8.5886
	1061023698	1.6283565	4.3810897	8.630499
	1061023701	1.5385739	4.337994	8.589797
	1061023706	1.4452	4.287716	8.670003
	1061023716	1.2943653	4.217087	8.752603
	1061023719	1.0824784	4.1991305	8.946533
	1061023722	0.8825626	4.206313	9.223063
	1061023735	0.70299745	4.1883564	9.354745
	1061023736	0.5006874	4.173991	9.442133
	1061023736	0.2983774	4.171597	9.655217
	1061023748	0.13676877	4.173991	9.680356
	1061023748	-0.081103586	4.2146926	9.615712
	1061023750	-0.26306292	4.2206783	9.537901
	1061023755	-0.3875614	4.2553945	9.412206
	1061023764	-0.50607437	4.2530003	9.167996
	1061023765	-0.59944826	4.299687	8.948928
	1061023772	-0.63416415	4.370316	8.758589
	1061023785	-0.6844424	4.3523593	8.502409
	1061023785	-0.7706337	4.37271	8.240244
	1061023786	-0.8125322	4.4146085	8.000824
	1061023801	-0.786196	4.361936	7.8212585
	1061023801	-0.82929164	4.3774986	7.504027
	1061023801	-0.8747814	4.370316	7.20954
	1061023805	-0.9956886	4.3523593	7.023989
	1061023816	-0.9968857	4.355951	6.7881603
	1061023817	-1.0818799	4.3296146	6.603807
	1061023819	-1.129764	4.3547535	6.6229606
	1061023833	-1.2327147	4.395455	6.701969
	1061023834	-1.3608044	4.4361563	6.727108
	1061023834	-1.4565724	4.4505215	6.717531
	1061023839	-1.5008652	4.5426984	6.8049197
	1061023850	-1.5846622	4.561852	6.7642183
	1061023850	-1.5798738	4.6288896	6.8480153
	1061023854	-1.6253637	4.701913	6.8252707
	1061023868	-1.6564883	4.784513	6.857592
	1061023869	-1.5942391	4.8647184	6.736685
	1061023869	-1.510442	4.82282	6.6480994
	1061023884	-1.4326304	4.8156376	6.4182563
	1061023885	-1.3320739	4.8252144	6.3045316
	1061023885	-1.166874	4.86831	6.1345434
	1061023888	-1.0663176	4.853945	6.0327897
	1061023900	-0.9262568	4.880281	6.0411696
	1061023900	-0.7849989	4.8048635	5.981314
	1061023903	-0.63895255	4.79409	5.883152
	1061023917	-0.573112	4.784513	5.86759
	1061023917	-0.501286	4.7569795	5.905897
	1061023918	-0.43185413	4.770148	5.8663926
	1061023933	-0.3564368	4.7533884	5.8639984
	1061023933	-0.29777884	4.7474027	5.8747725
	1061023935	-0.16011223	4.810849	5.951387
	1061023938	-0.06194997	4.820426	6.001665
	1061023951	-0.030825347	4.892252	6.105813
	1061023951	-0.04997896	4.910208	6.281787
	1061023953	-0.038007952	4.953304	6.452972
	1061023969	-0.027234044	5.0275245	6.613384
	1061023969	-0.040402155	5.110124	6.903082
	1061023969	-0.012868834	5.228637	6.9581485
	1061023973	0.0134673845	5.3172226	7.1592617
	1061023982	-0.07511808	5.5195327	7.2634096
	1061023983	-0.16968904	5.68593	7.167641
	1061023989	-0.101454295	5.794866	7.0587053
	1061023998	-0.14335282	5.9457006	6.977302
	1061023998	-0.252289	6.072593	6.959346
	1061024002	-0.28820202	6.2653265	6.9330096
	1061024015	-0.3696049	6.400599	6.845621
	1061024015	-0.4115034	6.5478425	6.785766
	1061024017	-0.44023383	6.6472015	6.782175
	1061024022	-0.47375265	6.804022	6.8085113
	1061024033	-0.4055179	6.9201407	6.8528037
	1061024033	-0.41629183	6.9979525	6.893505
	1061024037	-0.3600281	7.0362597	6.977302
	1061024052	-0.31573534	7.0494275	7.2143283
	1061024053	-0.30376434	7.090129	7.4764934
	1061024053	-0.3923498	7.172729	7.8835077
	1061024057	-0.42467153	7.240964	8.277354
	1061024069	-0.46417585	7.254132	8.818443
	1061024069	-0.50487727	7.2996216	9.309255
	1061024071	-0.63775545	7.4061637	9.797672
	1061024084	-0.6736685	7.536648	10.278907
	1061024084	-0.6569091	7.5330563	10.675147
	1061024086	-0.537199	7.540239	11.0618105
	1061024101	-0.5348048	7.586926	11.345523
	1061024101	-0.5599439	7.632416	11.5155115
	1061024102	-0.49889177	7.6551604	11.578958
	1061024106	-0.525228	7.7018476	11.544242
	1061024130	-0.49889177	7.6767087	11.470022
	1061024130	-0.5312135	7.729381	11.296442
	1061024130	-0.58268887	7.801207	10.833164
	1061024131	-0.63895255	7.825149	10.353127
	1061024131	-0.6880337	7.8119807	9.935339
	1061024135	-0.76584524	7.801207	9.530719
	1061024149	-0.84964234	7.742549	9.239823
	1061024149	-0.82929164	7.5833344	9.10455
	1061024152	-0.7885902	7.3690534	9.230247
	1061024155	-0.8053496	7.1308303	9.680356
	1061024165	-0.8197148	6.7357874	10.403405
	1061024166	-0.7897873	6.3706713	11.228208
	1061024170	-0.76105684	6.0378776	12.075755
	1061024186	-0.7012018	5.744588	12.738949
	1061024186	-0.6485294	5.43813	13.2273655
	1061024187	-0.6569091	5.2908864	13.309966
	1061024190	-0.60184246	5.1388545	13.202227
	1061024202	-0.62937576	5.0299187	12.82514
	1061024202	-0.6593033	4.870704	12.121244
	1061024219	-0.6988076	4.8311996	11.200674
	1061024219	-0.71077865	4.8048635	10.199898
	1061024219	-0.76464814	4.784513	9.179968
	1061024220	-0.8041525	4.8407764	8.224682
	1061024234	-0.9023148	4.918588	7.492056
	1061024234	-1.047164	4.946121	6.8324533
	1061024234	-1.0854712	4.9389386	6.250662
	1061024239	-1.1357495	4.9604864	5.823297
	1061024248	-1.1704654	4.94253	5.6126075
	1061024249	-1.1740566	4.895843	5.6401405
	1061024254	-1.1584944	4.847959	5.9011087
	1061024265	-1.1357495	4.8072577	6.3380504
	1061024265	-1.0459669	4.776133	6.839636
	1061024269	-0.9322423	4.749797	7.3232646
	1061024285	-0.7885902	4.7114897	7.6213427
	1061024285	-0.7000047	4.5654435	7.815273
	1061024286	-0.6832453	4.4972086	7.9170265
	1061024288	-0.6856395	4.4624925	8.049905
	1061024302	-0.63057286	4.382287	8.085817
	1061024302	-0.5635352	4.3763013	8.201937
	1061024303	-0.48093528	4.370316	8.126519
	1061024318	-0.43185413	4.397849	8.100183
	1061024318	-0.38157588	4.420594	8.057087
	1061024318	-0.3971382	4.4253826	7.946954
	1061024323	-0.3923498	4.478055	7.9505453
	1061024335	-0.4031237	4.5426984	7.889493
	1061024335	-0.4103063	4.6049476	7.865551
	1061024338	-0.43544543	4.677971	7.841609
	1061024351	-0.34087446	4.770148	7.7087307
	1061024351	-0.34446576	4.750994	7.647679
	1061024353	-0.30855274	4.8192286	7.460931
	1061024368	-0.28221652	4.8754926	7.20116
	1061024368	-0.28221652	4.943727	6.88752
	1061024369	-0.2475006	4.9796405	6.597821
	1061024372	-0.2427122	4.998794	6.2303114
	1061024384	-0.21757308	5.0335097	5.9238534
	1061024384	-0.13257892	5.07062	5.6616883
	1061024387	-0.102651395	5.0813937	5.4737434
	1061024400	-0.046387658	5.1532197	5.331289
	1061024400	0.008678981	5.1711764	5.149329
	1061024402	0.09127894	5.2202578	5.197213
	1061024420	0.17627311	5.223849	5.1996074
	1061024421	0.1834557	5.199907	5.2941785
	1061024421	0.1654992	5.2202578	5.4258595
	1061024435	0.082899235	5.2513824	5.5527525
	1061024436	-0.038007952	5.319617	5.7215433
	1061024436	-0.21877018	5.3471503	5.8604074
	1061024436	-0.4043208	5.420173	5.9262476
	1061024449	-0.51684827	5.452495	6.023213
	1061024449	-0.62458736	5.523124	6.0986304
	1061024451	-0.7012018	5.5494604	6.153697
	1061024456	-0.7933786	5.6392426	6.2746043
	1061024465	-0.9202713	5.67755	6.531981
	1061024466	-1.011251	5.772121	6.797737
	1061024471	-1.1321582	5.8499327	6.8599863
	1061024488	-1.237503	5.915773	7.071873
	1061024488	-1.2518682	6.018724	7.1939774
	1061024489	-1.2470798	6.0510454	7.259818
	1061024502	-1.2985551	6.094141	7.129334
	1061024503	-1.2889783	6.1731496	6.940192
	1061024503	-1.3284826	6.144419	6.843227
	1061024505	-1.3284826	6.2078657	6.819285
	1061024516	-1.3141174	6.2389903	6.779781
	1061024516	-1.2985551	6.2868743	6.6947865
	1061024520	-1.2434886	6.356306	6.6480994
	1061024531	-1.2171522	6.424541	6.7330937
	1061024532	-1.1034278	6.5119295	6.843227
	1061024535	-0.9238626	6.5622077	7.0132155
	1061024552	-0.75985974	6.6136827	7.2107368
	1061024553	-0.64014965	6.6340337	7.413047
	1061024553	-0.51684827	6.6675525	7.5566993
	1061024555	-0.43424833	6.708254	7.685986
	1061024568	-0.33369187	6.7417727	7.8092875
	1061024568	-0.2594716	6.78008	7.8691425
	1061024570	-0.16250645	6.7537436	8.031948
	1061024581	0.014664485	6.790854	8.115746
	1061024581	0.1834557	6.8195844	8.4425535
	1061024586	0.27563247	6.796839	8.648455
	1061024589	0.27922377	6.756138	8.850765
	1061024599	0.28880057	6.7489552	9.090185
	1061024599	0.23852235	6.756138	9.290101
	1061024604	0.24690205	6.716634	9.432556
	1061024620	0.32471362	6.695086	9.523536
	1061024620	0.35344404	6.716634	9.47206
	1061024620	0.3450643	6.732196	9.464878
	1061024633	0.38935706	6.757335	9.3104515
	1061024633	0.39893386	6.778883	9.229049
	1061024634	0.43484688	6.804022	9.139266
	1061024648	0.4540005	6.8135986	9.057863
	1061024648	0.4528034	6.886622	8.974067
	1061024649	0.47674543	6.9644337	8.769362
	1061024653	0.4695628	6.984784	8.664018
	1061024664	0.471957	7.100903	8.434174
	1061024665	0.49230772	7.038654	8.315661
	1061024669	0.67067575	6.994361	8.128913
	1061024686	0.8550293	6.863877	8.070255
	1061024687	1.0274118	6.716634	8.215105
	1061024687	1.1543045	6.5454483	8.585009
	1061024688	1.266832	6.4077816	9.162011
	1061024701	1.3015479	6.2473702	9.846753
	1061024701	1.4128783	6.066608	10.476428
	1061024703	1.4882957	5.876269	10.942101
	1061024718	1.5026609	5.7278285	11.28926
	1061024719	1.5206174	5.500379	11.601703
	1061024719	1.5194203	5.345953	11.903373
	1061024723	1.4021044	5.258565	11.971607
	1061024733	1.2285248	5.222652	11.753735
	1061024733	1.0345944	5.2513824	11.265318
	1061024738	0.8765771	5.2753243	10.533889
	1061024749	0.78918874	5.3112373	9.826403
	1061024750	0.7604583	5.3016605	9.181165
	1061024752	0.68144965	5.3016605	8.703522
	1061024767	0.6335656	5.3112373	8.486847
	1061024767	0.54976857	5.330391	8.2833395
	1061024767	0.5964555	5.295675	8.139688
	1061024772	0.6287772	5.2633533	8.124125
	1061024784	0.6132149	5.1508255	7.9792757
	1061024784	0.66588736	5.0215387	7.9050555
	1061024787	0.7484873	4.8395796	7.911041
	1061024801	0.8598177	4.6851535	8.002021
	1061024801	0.8861539	4.5510783	8.194754
	1061024804	0.9460089	4.5510783	8.47727
	1061024818	0.9328408	4.4648867	8.607754
	1061024818	0.9843162	4.4229884	8.777742
	1061024818	0.923264	4.3751044	8.861539
	1061024822	0.78679454	4.3308115	8.936956
	1061024833	0.67306995	4.3248262	8.965687
	1061024834	0.5868787	4.266168	8.911818
	1061024836	0.37738603	4.336797	8.893861
	1061024850	0.19662382	4.3535566	8.684368
	1061024850	-0.08948329	4.432565	8.411429
	1061024851	-0.33129767	4.454113	8.2115135
	1061024867	-0.561141	4.480449	8.039131
	1061024868	-0.73591775	4.524742	7.865551
	1061024868	-0.8831611	4.5869913	7.6931686
	1061024871	-1.0615292	4.6264954	7.438186
	1061024883	-1.1920131	4.630087	7.149685
	1061024884	-1.3033435	4.6157217	6.8384385
	1061024886	-1.3667899	4.6827593	6.545149
	1061024901	-1.4673463	4.7126865	6.3224883
	1061024901	-1.4709376	4.7198696	6.1225724
	1061024901	-1.5631144	4.761768	5.9023056
	1061024905	-1.6205753	4.844368	5.752668
	1061024918	-1.6924013	4.894646	5.6006365
	1061024918	-1.7522564	4.941333	5.4940944
	1061024920	-1.8348563	4.946121	5.5264163
	1061024935	-1.8552071	4.978443	5.6700683
	1061024935	-1.8743607	4.972458	5.939416
	1061024935	-1.8133085	4.9365444	6.2207346
	1061024950	-1.7199347	4.910208	6.4936733
	1061024951	-1.5511434	4.9209824	6.729502
	1061024951	-1.4338275	4.952107	6.9425864
	1061024955	-1.2829928	4.9449244	7.029975
	1061024966	-1.1872247	4.9736547	7.0730705
	1061024967	-1.0735002	4.984429	7.116166
	1061024970	-1.0004771	4.9928083	7.0144124
	1061024983	-0.9262568	5.010765	6.7654157
	1061024983	-0.810138	5.032313	6.603807
	1061024984	-0.75507134	5.092168	6.407482
	1061024989	-0.643741	5.0933647	6.282984
	1061024999	-0.5443816	5.163994	6.139332
	1061025000	-0.47016135	5.128081	6.0986304
	1061025004	-0.4055179	5.204695	5.9118824
	1061025018	-0.4007295	5.2322288	5.8149176
	1061025019	-0.3540426	5.271733	5.6880245
	1061025021	-0.34087446	5.274127	5.6736593
	1061025034	-0.21158758	5.312434	5.771822
	1061025034	-0.12060791	5.4010196	5.8783636
	1061025035	-0.024839843	5.426159	6.1465144
	1061025039	0.07212532	5.4692545	6.3344593
	1061025050	0.068534024	5.536292	6.5726824
	1061025050	0.080505036	5.608118	6.8683662
	1061025053	0.02064999	5.694309	7.1867948
	1061025067	-0.043993454	5.7637415	7.5052238
	1061025067	-0.07751228	5.8271875	7.778163
	1061025068	-0.100257196	5.9085903	8.052299
	1061025084	-0.1038485	5.9229555	8.133701
	1061025084	-0.07990648	6.057031	8.053496
	1061025084	-0.17328034	6.1372366	7.86196
	1061025088	-0.2546832	6.326379	7.445369
	1061025100	-0.32411507	6.4676366	6.904279
	1061025101	-0.4115034	6.5873466	6.4900823
	1061025103	-0.47494975	6.745364	6.121375
	1061025118	-0.59465986	6.86268	5.916671
	1061025119	-0.6904279	7.0350623	5.771822
	1061025119	-0.7969699	7.1691375	5.7598505
	1061025123	-0.8795698	7.280468	5.965752
	1061025134	-0.9753379	7.4073606	6.3021374
	1061025135	-1.0280104	7.4600334	6.794146
	1061025137	-1.0687118	7.5091143	7.3029137
	1061025150	-1.166874	7.5581956	7.939771
	1061025150	-1.2051812	7.5941086	8.45213
	1061025152	-1.2470798	7.6886797	9.057863
	1061025171	-1.1632828	7.7581115	9.68275
	1061025171	-1.0327988	7.7760677	10.131663
	1061025172	-0.84485394	7.8634562	10.685921
	1061025172	-0.63895255	7.888595	10.946889
	1061025190	-0.48811787	7.9460564	11.120468
	1061025190	-0.3935469	8.001122	11.04146
	1061025190	-0.33488896	8.090905	10.778097
	1061025200	-0.4031237	8.134001	10.521918
	1061025200	-0.42945993	8.149563	10.142437
	1061025202	-0.51325697	8.130409	9.818023
	1061025207	-0.5455787	8.086117	9.503185
	1061025215	-0.62099606	8.059781	9.322423
	1061025216	-0.71676415	8.069358	9.087791
	1061025221	-0.7670424	7.967604	9.008782
	1061025241	-0.8029554	7.873033	9.1512375
	1061025241	-0.83527714	7.55221	9.535507
	1061025241	-0.7897873	7.292439	10.131663
	1061025241	-0.74429744	6.9620395	10.969634
	1061025254	-0.72514385	6.6316395	11.866262
	1061025254	-0.5563526	6.2772975	12.86225
	1061025257	-0.34925416	5.985205	13.7445135
	1061025265	-0.2486977	5.690718	14.418481
	1061025266	-0.19841947	5.536292	14.781202
	1061025271	-0.15532383	5.320814	14.758458
	1061025282	-0.13497312	5.1711764	14.3897505
	1061025282	-0.0966659	4.999991	13.748105
	1061025285	-0.17447744	4.9353476	12.743737
	1061025302	-0.32770637	4.8491564	11.547833
	1061025303	-0.5779004	4.9030256	10.495582
	1061025303	-0.8233061	4.906617	9.3822775
	1061025306	-1.0256162	4.882675	8.533533
	1061025319	-1.1261727	4.9006314	7.627328
	1061025319	-1.2315176	4.812046	6.7893577
	1061025320	-1.3129203	4.8503532	6.001665
	1061025333	-1.3536218	4.8311996	5.4462104
	1061025333	-1.356016	4.773739	4.9721584
	1061025335	-1.2889783	4.761768	4.731541
	1061025350	-1.2446856	4.722264	4.7494974
	1061025351	-1.273416	4.669591	5.005677
	1061025351	-1.1513118	4.6636057	5.309741
	1061025354	-1.0519524	4.5917797	5.774216
	1061025370	-0.9920973	4.5678377	6.2925606
	1061025370	-0.76584524	4.5546694	6.7534447
	1061025370	-0.6988076	4.522348	7.2298903
	1061025383	-0.5431845	4.45531	7.45734
	1061025383	-0.44981065	4.403835	7.653664
	1061025384	-0.35164836	4.2709565	7.6967597
	1061025389	-0.20440497	4.1883564	7.852383
	1061025400	-0.081103586	4.102165	7.925406
	1061025401	0.12000936	4.0530844	8.177995
	1061025404	0.32591072	4.014777	8.461707
	1061025417	0.530615	3.9740756	8.630499
	1061025417	0.68025255	3.9106293	8.710705
	1061025419	0.7353192	3.978864	8.813655
	1061025434	0.7460931	3.9740756	8.7609825
	1061025435	0.7592612	4.049493	8.661623
	1061025435	0.7496844	4.1608233	8.391078
	1061025438	0.69461775	4.236241	8.094197
	1061025453	0.67067575	4.3535566	7.6285253
	1061025454	0.5856816	4.4373536	7.131728
	1061025454	0.5114613	4.4936175	6.637326
	1061025467	0.48751932	4.5546694	6.178836
	1061025468	0.36780924	4.660014	5.8843493
	1061025468	0.33309332	4.7486	5.5922565
	1061025473	0.3163339	4.8144403	5.4378304
	1061025482	0.1714847	4.85993	5.275025
	1061025483	0.025438393	4.9449244	5.1397524
	1061025488	-0.15053543	5.059846	5.122993
	1061025499	-0.2582745	5.1005473	5.1648917
	1061025499	-0.37918168	5.1137156	5.245097
	1061025504	-0.525228	5.1951184	5.3803697
	1061025519	-0.60064536	5.2753243	5.605425
	1061025520	-0.72394675	5.3160257	5.8520274
	1061025520	-0.7957728	5.4070053	6.0531406
	1061025522	-0.8939351	5.408202	6.199187
	1061025537	-0.9478046	5.453692	6.4745197
	1061025538	-0.9992799	5.488408	6.603807
	1061025538	-1.047164	5.5027733	6.8252707
	1061025548	-1.0411785	5.52073	6.9904704
	1061025548	-0.9944915	5.5626283	7.1329255
	1061025552	-0.9501988	5.605724	7.1664443
	1061025567	-0.9944915	5.6691704	7.1101804
	1061025567	-0.9669582	5.735011	7.1113777
	1061025567	-1.011251	5.72304	6.937798
	1061025572	-1.0124481	5.7182517	6.928221
	1061025584	-0.9370307	5.782895	6.952163
	1061025585	-0.9035119	5.8259907	6.8707604
	1061025587	-0.91668	5.9097877	6.8121023
	1061025602	-0.9430162	5.9780226	6.8132997
	1061025603	-0.9813234	6.019921	6.8264675
	1061025603	-1.0339959	6.1013236	6.7091517
	1061025606	-1.0447698	6.1109004	6.589442
	1061025619	-1.0878654	6.1911063	6.5655
	1061025619	-1.154903	6.244976	6.6732388
	1061025621	-1.2231377	6.368277	6.6947865
	1061025634	-1.2566566	6.36708	6.8731546
	1061025634	-1.3596073	6.5095353	6.974908
	1061025636	-1.4098855	6.5729814	7.114969
	1061025649	-1.4027029	6.618471	7.2262993
	1061025649	-1.3943232	6.7178307	7.1712327
	1061025651	-1.3464391	6.794445	7.2670007
	1061025655	-1.3224971	6.8854246	7.2765775
	1061025665	-1.249474	6.8674684	7.28376
	1061025667	-1.1596915	6.875848	7.317279
	1061025670	-1.0854712	6.900987	7.3807254
	1061025686	-0.9633669	6.946477	7.543531
	1061025686	-0.8783727	6.9871783	7.804499
	1061025686	-0.8963293	6.99077	8.073847
	1061025702	-0.84126264	7.005135	8.356362
	1061025702	-0.7766192	7.0111203	8.653243
	1061025702	-0.7921815	6.9883757	8.871116
	1061025705	-0.7897873	6.9500685	9.081805
	1061025717	-0.822109	6.9955583	9.3738985
	1061025717	-0.83168584	6.9871783	9.650429
	1061025722	-0.8161235	7.0793552	9.783307
	1061025736	-0.8891467	7.1679406	9.979631
	1061025736	-0.9142858	7.2265987	10.083779
	1061025736	-0.9837176	7.3834186	10.21546
	1061025740	-0.9789292	7.500735	10.350733
	1061025751	-1.0699089	7.5953054	10.395025
	1061025751	-1.023222	7.6958623	10.438121
	1061025754	-0.8987235	7.7221985	10.242993
	1061025765	-0.71197575	7.778462	10.043077
	1061025765	-0.47255555	7.7856445	9.573814
	1061025769	-0.2570774	7.7102275	9.109339
	1061025782	0.06494272	7.6647377	8.66282
	1061025782	0.35464114	7.5210853	8.336012
	1061025784	0.6084265	7.3798275	8.20433
	1061025789	0.8538322	7.1847	8.318055
	1061025804	1.0573393	6.9859815	8.5778265
	1061025805	1.2273277	6.836344	8.994417
	1061025805	1.3709798	6.592135	9.32362
	1061025817	1.491887	6.32997	9.603742
	1061025817	1.479916	6.1192803	9.821614
	1061025818	1.5625159	5.9205613	10.001179
	1061025836	1.5720927	5.68593	10.149619
	1061025836	1.4619594	5.5614314	10.197504
	1061025837	1.3649943	5.356727	10.135254
	1061025838	1.2285248	5.2202578	9.979631
	1061025850	1.1040263	5.130475	9.814431
	1061025850	0.9496002	4.9952025	9.494805
	1061025853	0.89573073	4.943727	9.31524
	1061025866	0.8658032	4.809652	9.165603
	1061025866	0.89932203	4.7533884	9.04709
	1061025868	0.82390463	4.6229043	8.959702
	1061025873	0.7436989	4.570232	8.777742
	1061025882	0.6275801	4.564246	8.631696
	1061025884	0.54976857	4.487632	8.496424
	1061025888	0.41689038	4.451719	8.385093
	1061025903	0.317531	4.3547535	8.22109
	1061025903	0.12838906	4.346374	8.209119
	1061025904	-0.0032920274	4.286519	8.200739
	1061025920	-0.087089084	4.2697597	8.245032
	1061025920	-0.16130935	4.2206783	8.252214
	1061025920	-0.17088614	4.1895537	8.292916
	1061025922	-0.19602527	4.2111015	8.391078
	1061025933	-0.2558803	4.1632175	8.509591
	1061025933	-0.32052374	4.135684	8.534731
	1061025938	-0.3899556	4.145261	8.575432
	1061025948	-0.38157588	4.109348	8.5778265
	1061025949	-0.3612252	4.1045594	8.426991
	1061025952	-0.4007295	4.132093	8.257003
	1061025965	-0.43783963	4.169203	8.048708
	1061025965	-0.44741645	4.230255	7.849989
	1061025967	-0.5300164	4.2374377	7.581838
	1061025971	-0.60423666	4.2697597	7.441777
	1061025984	-0.70718735	4.296096	7.0407486
	1061025984	-0.71077865	4.421791	6.974908
	1061025986	-0.7730279	4.454113	6.8085113
	1061025999	-0.86281043	4.4972086	6.666056
	1061025999	-0.9513959	4.600159	6.5726824
	1061026001	-0.9513959	4.7007155	6.4697313
	1061026006	-0.9849147	4.7665563	6.3380504
	1061026018	-1.0998363	4.8491564	6.093842
	1061026018	-1.177648	4.90542	5.9262476
	1061026021	-1.3272855	4.9964	5.7263317
	1061026034	-1.3787609	5.082591	5.5826797
	1061026034	-1.427842	5.134066	5.480926
	1061026036	-1.4410101	5.1831474	5.4246626
	1061026050	-1.439813	5.18195	5.4222684
	1061026050	-1.4170681	5.2094836	5.522825
	1061026050	-1.3931261	5.2430024	5.609016
	1061026055	-1.356016	5.2753243	5.563526
	1061026067	-1.2794015	5.262156	5.6868277
	1061026067	-1.2339118	5.2693386	5.807735
	1061026070	-1.129764	5.260959	5.844845
	1061026083	-0.94900167	5.2011037	5.990891
	1061026084	-0.8268974	5.2202578	5.9944825
	1061026085	-0.63536125	5.2394114	6.0423665
	1061026101	-0.5635352	5.216666	6.055535
	1061026101	-0.42586863	5.2549734	6.2327056
	1061026102	-0.30855274	5.2394114	6.293758
	1061026105	-0.21039048	5.226243	6.5068417
	1061026118	-0.11462241	5.2070894	6.63134
	1061026118	-0.024839843	5.199907	6.889914
	1061026120	0.011073183	5.210681	7.173627
	1061026137	-0.024839843	5.2418056	7.40347
	1061026137	-0.018854339	5.3040547	7.6811976
	1061026137	-0.042796355	5.320814	7.7865424
	1061026140	0.032621	5.404611	7.849989
	1061026153	0.14275427	5.463269	7.772177
	1061026153	0.1738789	5.500379	7.593809
	1061026157	0.21697453	5.5398836	7.375937
	1061026167	0.20500351	5.650017	7.177218
	1061026167	0.12479776	5.7374053	6.9366007
	1061026169	0.0398036	5.830779	6.8480153
	1061026182	-0.027234044	5.9552774	6.6480994
	1061026182	-0.0966659	6.078579	6.5152216
	1061026184	-0.11581951	6.174347	6.4697313
	1061026189	-0.13377602	6.280889	6.615778
	1061026200	-0.20799628	6.3610945	6.6109896
	1061026200	-0.29897594	6.472425	6.645705
	1061026204	-0.30137014	6.5574193	6.7103486
	1061026219	-0.33488896	6.674735	6.797737
	1061026220	-0.3959411	6.7154365	6.877943
	1061026220	-0.41509473	6.78846	7.0730705
	1061026234	-0.3863643	6.880636	7.24665
	1061026234	-0.42945993	6.9189434	7.355586
	1061026234	-0.49889177	6.889016	7.49445
	1061026238	-0.5324106	6.9033813	7.840412
	1061026246	-0.5790975	6.900987	8.27496
	1061026256	-0.60423666	6.957251	8.612542
	1061026256	-0.61979896	6.9440827	9.027936
	1061026271	-0.62578446	6.9536595	9.43495
	1061026271	-0.6724714	6.94528	9.758167
	1061026271	-0.6784569	7.0482306	9.990405
	1061026273	-0.83886844	7.136816	10.168773
	1061026283	-0.9130887	7.2146277	10.149619
	1061026284	-1.0124481	7.3223667	9.937733
	1061026287	-1.0136452	7.4073606	9.7402115
	1061026300	-1.0639234	7.5103116	9.543886
	1061026300	-1.1130046	7.5713634	9.260174
	1061026302	-1.1836334	7.673117	9.116522
	1061026316	-1.3272855	7.6958623	9.030331
	1061026316	-1.4110826	7.7198043	9.10455
	1061026319	-1.463755	7.7281837	9.236232
	1061026322	-1.4661492	7.6886797	9.553463
	1061026333	-1.4733319	7.5929112	9.743802
	1061026334	-1.4733319	7.468413	10.078991
	1061026337	-1.3883377	7.342717	10.336368
	1061026351	-1.3009493	7.1559696	10.781689
	1061026351	-1.1956044	6.9380975	11.24377
	1061026352	-1.0447698	6.6436105	11.770494
	1061026368	-0.9777321	6.32997	12.382213
	1061026368	-0.8987235	6.058228	12.980763
	1061026369	-0.8257003	5.7577558	13.519459
	1061026371	-0.73831195	5.5267153	13.967175
	1061026384	-0.6880337	5.324405	14.074913
	1061026384	-0.60902506	5.187936	13.834296
	1061026386	-0.5216367	5.0730143	13.223775
	1061026400	-0.51804537	4.9940057	12.4468565
	1061026400	-0.5743091	4.910208	11.353903
	1061026401	-0.6569091	4.9114056	10.332776
	1061026406	-0.679654	4.9257708	9.452907
	1061026418	-0.7838018	5.0047793	8.412626
	1061026418	-0.8807669	5.020342	7.3268557
	1061026422	-0.952593	5.110124	6.4589577
	1061026435	-1.0519524	5.1029415	5.737106
	1061026435	-1.1596915	5.169979	5.065532
	1061026435	-1.2327147	5.1627965	4.718373
	1061026450	-1.3165116	5.228637	4.7004166
	1061026450	-1.3967174	5.168782	5.0104656
	1061026451	-1.3943232	5.1592054	5.5060654
	1061026455	-1.3296797	5.047875	6.1477113
	1061026467	-1.2805986	5.0155535	6.903082
	1061026467	-1.2327147	4.9269676	7.6333137
	1061026470	-1.1273698	4.8431706	8.15525
	1061026484	-0.9956886	4.7318406	8.638878
	1061026484	-0.84605104	4.6372695	8.851962
	1061026485	-0.6461352	4.524742	8.981249
	1061026490	-0.43664253	4.4612956	8.959702
	1061026501	-0.2463035	4.3786955	8.82802
	1061026501	-0.046387658	4.3511624	8.655638
	1061026505	0.13198037	4.3427825	8.336012
	1061026519	0.25887305	4.371513	8.093
	1061026519	0.36900634	4.4002433	7.8487916
	1061026520	0.49230772	4.397849	7.6931686
	1061026534	0.530615	4.4122143	7.462128
	1061026534	0.54737437	4.499603	7.325659
	1061026534	0.5856816	4.5666404	7.191583
	1061026539	0.57849896	4.607342	7.0754647
	1061026550	0.6299743	4.695927	6.923433
	1061026551	0.56892216	4.7809215	6.8025255
	1061026554	0.55096567	4.835988	6.63972
	1061026566	0.48273093	4.8886604	6.4625487
	1061026567	0.36062664	4.9257708	6.3643866
	1061026569	0.23493104	4.9365444	6.249465
	1061026583	0.07451953	4.9964	6.199187
	1061026583	-0.043993454	5.0514665	6.2362967
	1061026585	-0.17447744	5.0754085	6.3667808
	1061026589	-0.28580782	5.0813937	6.5619082
	1061026601	-0.41629183	5.1615996	6.6744356
	1061026601	-0.58628017	5.1137156	6.7534447
	1061026603	-0.72035545	5.1256866	6.819285
	1061026617	-0.85323364	5.104139	6.806117
	1061026617	-0.9190742	5.1005473	6.741473
	1061026618	-1.0028713	5.0993505	6.6349316
	1061026623	-1.0327988	5.1532197	6.546346
	1061026635	-1.0304046	5.1651907	6.3021374
	1061026635	-1.0304046	5.226243	6.145317
	1061026640	-0.9585785	5.27293	5.964555
	1061026652	-0.9717466	5.295675	5.8963203
	1061026652	-0.9573814	5.3854575	5.713164
	1061026653	-0.91668	5.3998227	5.6784477
	1061026665	-0.9190742	5.484817	5.762245
	1061026666	-0.9944915	5.5051675	5.893926
	1061026667	-1.0435727	5.55784	6.120178
	1061026672	-1.1441292	5.6344543	6.249465
	1061026682	-1.2135609	5.676353	6.299743
	1061026682	-1.2997522	5.736208	6.417059
	1061026687	-1.3751696	5.7517705	6.6002154
	1061026700	-1.4134768	5.738602	6.905476
	1061026700	-1.4434043	5.7972603	7.150882
	1061026702	-1.4601637	5.8415527	7.4465656
	1061026721	-1.4553753	5.915773	7.6800003
	1061026721	-1.3955203	5.994782	7.7410526
	1061026721	-1.3368623	6.0151324	7.751827
	1061026722	-1.309329	6.084564	7.639299
	1061026733	-1.2195464	6.0761847	7.515998
	1061026733	-1.1465234	6.1192803	7.32925
	1061026736	-1.0998363	6.1575875	7.1844006
	1061026748	-1.0172365	6.1731496	7.185598
	1061026748	-0.8843582	6.1958947	7.2502413
	1061026751	-0.6964134	6.1671643	7.377134
	1061026765	-0.5443816	6.1731496	7.575853
	1061026765	-0.38037878	6.1719527	7.7889366
	1061026767	-0.29658175	6.21864	8.216302
	1061026771	-0.18764555	6.254553	8.503606
	1061026786	-0.13377602	6.2473702	8.813655
	1061026786	-0.1110311	6.295254	9.056666
	1061026786	-0.12060791	6.306028	9.268554
	1061026802	-0.12539631	6.328773	9.299678
	1061026802	-0.19602527	6.3826423	9.449316
	1061026803	-0.19003975	6.4197526	9.440936
	1061026806	-0.22714989	6.493973	9.426571
	1061026819	-0.26545712	6.5035496	9.36073
	1061026819	-0.3552397	6.580164	9.330803
	1061026821	-0.33728316	6.66037	9.254189
	1061026834	-0.34805706	6.7872624	9.1668
	1061026834	-0.45579615	6.9380975	9.150041
	1061026835	-0.5276222	7.018303	9.003994
	1061026850	-0.58628017	7.146393	8.759786
	1061026850	-0.62817866	7.2673	8.404246
	1061026850	-0.6940192	7.3499	8.061875
	1061026867	-0.6844424	7.340323	7.7087307
	1061026867	-0.6533178	7.325958	7.4345946
	1061026867	-0.58867437	7.264906	7.2286935
	1061026870	-0.501286	7.124845	7.245453
	1061026886	-0.358831	7.0218945	7.4166384
	1061026886	-0.07990648	6.80881	7.8847046
	1061026887	0.23612814	6.5837555	8.409035
	1061026890	0.6215946	6.3335614	9.317635
	1061026902	0.9639655	6.0773816	10.330381
	1061026902	1.1507132	5.8271875	11.224616
	1061026904	1.3398551	5.630863	12.097302
	1061026918	1.5182232	5.343559	12.984354
	1061026918	1.6726491	5.1592054	13.804368
	1061026919	1.7672201	5.0514665	14.462774
	1061026936	1.7696143	4.9592896	14.807539
	1061026936	1.7396868	5.022736	14.601638
	1061026937	1.6319478	5.098153	13.916896
	1061026939	1.5206174	5.169979	12.770073
	1061026950	1.4703391	5.2561707	11.564592
	1061026951	1.3530233	5.3291936	10.416573
	1061026954	1.1782465	5.499182	9.251794
	1061026965	0.9591771	5.6129065	8.240244
	1061026965	0.7592612	5.700295	7.28376
	1061026968	0.66349316	5.7637415	6.475717
	1061026982	0.57969606	5.7038865	5.929839
	1061026983	0.54378307	5.6990976	5.450999
	1061026983	0.459986	5.6571994	5.157709
	1061026988	0.40611646	5.55784	5.085883
	1061027003	0.41090485	5.3507414	5.3528366
	1061027003	0.38456866	5.1352634	5.8400564
	1061027003	0.38576576	5.0095677	6.6241574
	1061027018	0.41808748	4.8252144	7.579444
	1061027018	0.43005848	4.669591	8.310873
	1061027020	0.47794253	4.536713	8.926183
	1061027023	0.48871642	4.475661	9.442133
	1061027035	0.4540005	4.3810897	9.81922
	1061027035	0.4444237	4.348768	9.991602
	1061027038	0.42048168	4.3415856	10.028712
	1061027050	0.36661214	4.3164463	9.891046
	1061027050	0.42048168	4.34398	9.566631
	1061027052	0.35703534	4.3763013	9.1512375
	1061027067	0.2971803	4.3906665	8.674791
	1061027067	0.12240356	4.4050317	8.136096
	1061027067	-0.017657237	4.4493246	7.7171106
	1061027084	-0.17208324	4.504391	7.343615
	1061027084	-0.3552397	4.5031943	7.101801
	1061027084	-0.5683236	4.5666404	7.043143
	1061027087	-0.76225394	4.5834	7.0036387
	1061027103	-0.9322423	4.6276927	6.9366007
	1061027103	-1.0938509	4.6468463	6.773795
	1061027103	-1.214758	4.6588173	6.703166
	1061027118	-1.285387	4.6516347	6.5403605
	1061027119	-1.3811551	4.656423	6.282984
	1061027119	-1.474529	4.6911387	6.175245
	1061027122	-1.5762825	4.762965	5.93343
	1061027134	-1.6014217	4.8072577	5.7179523
	1061027134	-1.6074072	4.870704	5.569512
	1061027136	-1.5272014	4.8671126	5.307347
	1061027151	-1.4218565	4.8850694	5.179257
	1061027151	-1.3189058	4.893449	5.1158104
	1061027151	-1.2267292	4.9209824	5.145738
	1061027156	-1.0555437	4.919785	5.2379146
	1061027166	-0.9358336	4.9006314	5.3157263
	1061027166	-0.7682395	4.880281	5.455787
	1061027171	-0.59705406	4.8383822	5.4845176
	1061027183	-0.47255555	4.847959	5.539584
	1061027183	-0.3672107	4.8491564	5.5802855
	1061027186	-0.33129767	4.8264112	5.786187
	1061027200	-0.31094694	4.8311996	6.0363812
	1061027200	-0.28461072	4.858733	6.257845
	1061027201	-0.22954409	4.8407764	6.55712
	1061027205	-0.20201077	4.853945	6.8252707
	1061027217	-0.17806876	4.8994346	7.1353197
	1061027218	-0.21757308	4.946121	7.439383
	1061027220	-0.22954409	4.9964	7.6788034
	1061027233	-0.2379238	5.014356	7.8104844
	1061027233	-0.27263972	5.140052	7.867945
	1061027237	-0.26306292	5.2441998	7.891887
	1061027252	-0.26665422	5.366304	7.802105
	1061027252	-0.34446576	5.462072	7.555502
	1061027252	-0.33608606	5.533898	7.421427
	1061027255	-0.30615854	5.590162	7.3029137
	1061027267	-0.30376434	5.732617	7.1820064
	1061027268	-0.31334114	5.8212023	7.128137
	1061027270	-0.29299045	5.9552774	6.947375
	1061027283	-0.23313539	6.0869584	6.8563952
	1061027286	-0.19003975	6.1695585	6.899491
	1061027286	-0.22954409	6.2856774	6.8468184
	1061027301	-0.30615854	6.3958106	6.964134
	1061027301	-0.3636194	6.53228	7.1604586
	1061027301	-0.47854108	6.616077	7.2227077
	1061027308	-0.5635352	6.7298017	7.2741833
	1061027318	-0.61620766	6.7992334	7.36636
	1061027319	-0.6712743	6.8112044	7.498041
	1061027319	-0.74908584	6.8339496	7.7374616
	1061027332	-0.8209119	6.80881	8.085817
	1061027332	-0.8807669	6.912958	8.413823
	1061027334	-0.988506	6.9979525	8.735844
	1061027339	-1.0316017	7.0254855	9.039907
	1061027349	-1.0902596	7.0398507	9.270947
	1061027350	-1.1034278	6.9955583	9.646837
	1061027354	-1.1465234	7.0793552	9.912594
	1061027368	-1.2063783	7.164349	10.101735
	1061027369	-1.2542624	7.223007	10.205883
	1061027369	-1.20159	7.291242	10.165182
	1061027386	-1.1884218	7.3798275	9.910199
	1061027386	-1.1632828	7.452851	9.731832
	1061027386	-1.1405379	7.577349	9.44333
	1061027388	-1.0854712	7.703045	9.202713
	1061027399	-1.1273698	7.7377605	8.771756
	1061027400	-1.1944073	7.802404	8.5143795
	1061027403	-1.2267292	7.789236	8.291719
	1061027418	-1.2566566	7.768885	8.170812
	1061027418	-1.2255319	7.6575546	8.213907
	1061027418	-1.1932102	7.562984	8.313267
	1061027423	-1.0938509	7.315184	8.644864
	1061027435	-1.0806828	7.0613985	9.147646
	1061027435	-1.0770915	6.7501526	10.00477
	1061027438	-1.177648	6.4676366	10.991181
	1061027454	-1.178845	6.180332	12.056602
	1061027454	-1.0890625	5.792472	13.361441
	1061027454	-1.0567408	5.4309473	14.665084
	1061027468	-1.0459669	5.110124	15.723321
	1061027468	-1.0399814	4.8970404	16.499043
	1061027469	-0.91668	4.7007155	16.782755
	1061027472	-0.8029554	4.552275	16.556503
	1061027482	-0.703596	4.4624925	15.730504
	1061027482	-0.7047931	4.439748	14.420876
	1061027487	-0.7957728	4.548684	12.700642
	1061027499	-0.9011177	4.6731825	11.022306
	1061027499	-1.047164	4.7689505	9.45171
	1061027503	-1.084274	4.881478	7.9649105
	1061027507	-1.1848305	4.953304	6.52001
	1061027523	-1.2446856	5.07062	5.239112
	1061027523	-1.2997522	5.1843443	4.291008
	1061027523	-1.3320739	5.247791	3.6876693
	1061027534	-1.3512276	5.228637	3.4278982
	1061027534	-1.4170681	5.2202578	3.6194344
	1061027536	-1.4709376	5.1723733	4.2155905
	1061027549	-1.5188217	5.110124	5.1601033
	1061027549	-1.6145898	5.0574517	6.229114
	1061027551	-1.5894506	5.0155535	7.199963
	1061027565	-1.4888942	4.941333	8.016386
	1061027566	-1.3548189	4.869507	8.604162
	1061027566	-1.2686276	4.7330375	9.080608
	1061027571	-1.2231377	4.62051	9.261371
	1061027588	-1.1249756	4.490026	9.371504
	1061027588	-1.0184336	4.415806	9.3104515
	1061027588	-0.86640173	4.3188405	9.162011
	1061027602	-0.6964134	4.2673655	8.980052
	1061027602	-0.5647323	4.21589	8.589797
	1061027603	-0.47973818	4.227861	8.272566
	1061027605	-0.3540426	4.2494087	8.033145
	1061027618	-0.2427122	4.2709565	7.7506294
	1061027618	-0.15771803	4.2553945	7.6201453
	1061027620	-0.054767363	4.3032784	7.423821
	1061027636	-0.024839843	4.3056726	7.281366
	1061027636	0.045789108	4.355951	7.2286935
	1061027636	0.07092822	4.408623	7.1460934
	1061027640	0.09487024	4.5055885	7.0862384
	1061027651	0.09726445	4.5558667	6.8468184
	1061027651	0.09008184	4.632481	6.7570357
	1061027655	0.082899235	4.6731825	6.5762734
	1061027667	0.029029695	4.7102923	6.3224883
	1061027667	2.992752E-4	4.728249	6.06152
	1061027670	-0.06075287	4.7354317	6.0208187
	1061027685	-0.118213706	4.7809215	5.94181
	1061027685	-0.16849194	4.808455	5.8532248
	1061027685	-0.17926586	4.818032	5.8532248
	1061027689	-0.20679916	4.8671126	5.7646394
	1061027699	-0.17447744	4.886266	5.8065376
	1061027699	-0.19003975	4.8874636	5.892729
	1061027704	-0.21039048	4.9257708	5.999271
	1061027714	-0.26306292	4.9114056	6.022016
	1061027715	-0.28820202	5.034707	6.0758853
	1061027720	-0.34685996	5.020342	6.1728506
	1061027724	-0.44621935	5.110124	6.3584013
	1061027736	-0.50846857	5.1005473	6.4577603
	1061027736	-0.5443816	5.1208982	6.6265516
	1061027739	-0.5551555	5.1615996	6.675633
	1061027753	-0.58867437	5.167585	6.8468184
	1061027753	-0.58747727	5.18195	6.9569516
	1061027754	-0.6736685	5.203498	7.056311
	1061027768	-0.75626844	5.324405	7.1125746
	1061027768	-0.8855553	5.3866544	7.2107368
	1061027769	-0.9920973	5.4093995	7.2262993
	1061027784	-1.0663176	5.4357357	7.2526355
	1061027785	-1.1836334	5.5135474	7.2861543
	1061027785	-1.2913725	5.535095	7.3567834
	1061027788	-1.3596073	5.64044	7.269395
	1061027801	-1.4577695	5.7409964	7.282563
	1061027801	-1.5367782	5.8152165	7.340024
	1061027803	-1.5714941	5.8535237	7.2047515
	1061027817	-1.5571289	5.949292	7.153276
	1061027818	-1.5367782	6.006753	7.0946183
	1061027818	-1.5750854	6.069002	7.1089835
	1061027822	-1.5236101	6.1719527	7.1006036
	1061027834	-1.4434043	6.212654	7.105392
	1061027834	-1.3643957	6.2437787	7.0970125
	1061027837	-1.3272855	6.222231	7.1820064
	1061027850	-1.2506711	6.1911063	7.234679
	1061027851	-1.2422915	6.290466	7.2729864
	1061027852	-1.1405379	6.3132105	7.3124905
	1061027869	-1.0447698	6.3455324	7.361572
	1061027869	-0.8771756	6.3575034	7.441777
	1061027869	-0.70958155	6.3946133	7.421427
	1061027872	-0.60902506	6.3610945	7.6225395
	1061027883	-0.525228	6.368277	7.891887
	1061027883	-0.5288193	6.4185553	8.200739
	1061027887	-0.47494975	6.410176	8.422203
	1061027898	-0.45938745	6.398205	8.68796
	1061027899	-0.48093528	6.356306	9.013571
	1061027901	-0.44382513	6.3479266	9.393052
	1061027906	-0.4007295	6.353912	9.730635
	1061027915	-0.42706573	6.3874307	10.034698
	1061027916	-0.54917	6.505944	10.24419
	1061027921	-0.6616975	6.6495957	10.381857
	1061027937	-0.84245974	6.7513494	10.383054
	1061027937	-0.9909002	6.8543	10.198701
	1061027938	-1.1273698	7.020697	9.924564
	1061027952	-1.2279263	7.183503	9.549872
	1061027952	-1.2530653	7.223007	9.190742
	1061027952	-1.2410944	7.240964	8.771756
	1061027956	-1.2087725	7.205051	8.39467
	1061027968	-1.202787	7.1428013	8.1756
	1061027968	-1.0100539	7.080552	8.315661
	1061027971	-0.76225394	6.954857	8.637681
	1061027983	-0.3612252	6.7717004	9.317635
	1061027983	-0.036810853	6.5657988	10.2406
	1061027985	0.28640637	6.28448	10.976816
	1061028001	0.5174468	5.976825	11.794436
	1061028001	0.8705916	5.688324	12.591705
	1061028002	1.0956465	5.462072	13.598467
	1061028005	1.2345103	5.2441998	14.422072
	1061028017	1.3458406	5.110124	15.134348
	1061028017	1.4200609	4.972458	15.425243
	1061028020	1.5254058	4.978443	15.370176
	1061028034	1.6367362	4.9126024	14.712968
	1061028035	1.6870143	4.835988	13.536218
	1061028035	1.6295536	4.841974	12.025476
	1061028040	1.5266029	4.9497128	10.600926
	1061028050	1.3446435	5.071817	9.452907
	1061028051	1.1459248	5.1951184	8.328829
	1061028054	0.9268553	5.332785	7.305308
	1061028069	0.7233482	5.427356	6.3524156
	1061028069	0.6180033	5.484817	5.551555
	1061028070	0.53899467	5.4680576	4.9542017
	1061028085	0.55216277	5.4213705	4.5232453
	1061028085	0.5150526	5.2669444	4.386776
	1061028085	0.43364978	5.118504	4.4681787
	1061028089	0.39294836	4.9473186	4.7255554
	1061028101	0.3079542	4.788104	5.2199583
	1061028101	0.28161797	4.585794	5.9346275
	1061028104	0.293589	4.420594	6.8683662
	1061028118	0.32950202	4.227861	7.730279
	1061028118	0.3498527	4.145261	8.3551655
	1061028119	0.37379473	4.0806174	8.776545
	1061028134	0.3091513	4.025551	9.029133
	1061028134	0.3127426	3.9525278	9.176376
	1061028134	0.28760347	3.8783076	9.250597
	1061028138	0.3115455	3.8519711	9.333197
	1061028150	0.24929625	3.8232408	9.185953
	1061028150	0.14395137	3.9022496	9.023148
	1061028155	0.086490534	3.8531682	8.738237
	1061028169	-0.009277532	3.872322	8.496424
	1061028169	-0.09307459	3.8639424	8.191162
	1061028170	-0.22834699	3.884293	7.727885
	1061028173	-0.3887585	3.9704843	7.3807254
	1061028183	-0.50607437	4.1165304	7.077859
	1061028183	-0.6497265	4.1644144	6.9066734
	1061028188	-0.8233061	4.2410293	6.863578
	1061028199	-0.8939351	4.29849	6.6983776
	1061028199	-0.9262568	4.3212347	6.547543
	1061028202	-0.9298481	4.3571477	6.335656
	1061028215	-0.988506	4.4253826	6.0687027
	1061028215	-1.0304046	4.4960117	5.79337
	1061028217	-1.1022305	4.630087	5.6425347
	1061028222	-1.1513118	4.6887445	5.479729
	1061028235	-1.1800421	4.7569795	5.3025584
	1061028235	-1.2159551	4.8635216	5.2127757
	1061028237	-1.1393408	4.881478	5.1780596
	1061028252	-1.0399814	4.882675	5.04997
	1061028253	-0.9250597	4.9485154	5.027225
	1061028253	-0.84365684	4.9353476	5.2235494
	1061028268	-0.7730279	4.978443	5.345654
	1061028268	-0.63536125	4.9736547	5.6784477
	1061028268	-0.5539584	4.9940057	5.8639984
	1061028272	-0.3995324	5.022736	6.0483522
	1061028285	-0.2439093	4.9916115	6.1129956
	1061028285	-0.058358666	4.9892173	6.2769985
	1061028286	0.13916297	4.9485154	6.4589577
	1061028300	0.27323827	4.9509096	6.6732388
	1061028300	0.3067571	4.9365444	6.84203
	1061028301	0.26126727	4.9377418	7.1832037
	1061028306	0.25408465	4.958092	7.4429746
	1061028317	0.1858499	4.9856257	7.724293
	1061028318	0.15831658	5.0490723	7.9409685
	1061028321	0.13078327	5.1232924	8.158841
	1061028334	0.11282676	5.2561707	8.248624
	1061028334	0.1702876	5.308843	8.217499
	1061028336	0.102052845	5.331588	8.181585
	1061028350	0.017058687	5.4776344	8.097789
	1061028351	-0.052373163	5.6272717	7.826047
	1061028351	-0.12419921	5.772121	7.653664
	1061028355	-0.14814124	5.9049993	7.4669166
	1061028369	-0.20679916	6.033089	7.313688
	1061028370	-0.23552959	6.194698	7.057508
	1061028374	-0.30137014	6.258144	7.0251865
	1061028385	-0.27144262	6.3598976	7.0982094
	1061028385	-0.27623102	6.4999585	7.1365166
	1061028385	-0.28820202	6.5897408	7.367557
	1061028393	-0.33129767	6.66037	7.402273
	1061028403	-0.37199908	6.7393785	7.617751
	1061028403	-0.43424833	6.8100076	7.855974
	1061028405	-0.44861355	6.814796	8.087015
	1061028416	-0.46657005	6.8590884	8.44375
	1061028416	-0.51086277	6.9033813	8.763377
	1061028420	-0.49649757	6.934506	9.139266
	1061028432	-0.47375265	6.9620395	9.522339
	1061028433	-0.44382513	6.9979525	9.814431
	1061028434	-0.4103063	6.993164	10.098145
	1061028439	-0.29777884	6.9871783	10.373477
	1061028449	-0.2594716	6.9859815	10.50037
	1061028449	-0.2427122	6.9919667	10.5207205
	1061028454	-0.2463035	7.053019	10.493188
	1061028476	-0.16729484	7.0494275	10.505158
	1061028477	-0.15652093	7.1679406	10.304046
	1061028477	-0.13257892	7.276877	10.110115
	1061028477	-0.21039048	7.44088	9.813234
	1061028480	-0.31573534	7.5976996	9.393052
	1061028484	-0.42347443	7.669526	8.911818
	1061028489	-0.5527613	7.826346	8.502409
	1061028499	-0.61860186	7.8838067	8.169615
	1061028499	-0.71796125	7.91972	7.780557
	1061028503	-0.7682395	7.8838067	7.695563
	1061028515	-0.86400753	7.8119807	7.791331
	1061028515	-0.9358336	7.6180506	8.087015
	1061028519	-1.0495582	7.3175783	8.850765
	1061028537	-1.1118075	6.9799957	10.049063
	1061028538	-1.2267292	6.5969234	11.347918
	1061028538	-1.2782044	6.2389903	12.6539545
	1061028538	-1.2770073	5.8654947	13.939641
	1061028551	-1.2506711	5.536292	15.359403
	1061028552	-1.1884218	5.344756	16.348207
	1061028553	-1.0926538	5.193921	17.07844
	1061028569	-1.0172365	5.1137156	17.252018
	1061028569	-0.8855553	5.034707	16.774376
	1061028569	-0.9094974	5.0490723	15.7747965
	1061028573	-1.1812392	5.035904	14.301166
	1061028584	-1.3943232	5.0155535	12.700642
	1061028584	-1.5391724	5.056255	11.067796
	1061028589	-1.6086043	5.0406923	9.644443
	1061028600	-1.6157869	5.0131593	8.240244
	1061028600	-1.6852187	5.1125183	6.91625
	1061028602	-1.6744448	5.191527	5.783793
	1061028618	-1.6505028	5.308843	4.76506
	1061028618	-1.5283985	5.356727	4.028843
	1061028619	-1.5248072	5.3507414	3.4781766
	1061028622	-1.5128362	5.3758807	3.3357215
	1061028634	-1.3727754	5.213075	3.5751417
	1061028635	-1.2267292	4.9700637	4.150947
	1061028637	-1.2075754	4.7928925	4.911106
	1061028651	-1.1453263	4.516362	5.9011087
	1061028651	-1.1022305	4.432565	6.727108
	1061028652	-1.0926538	4.466084	7.1808095
	1061028666	-1.2997522	4.588188	7.709928
	1061028666	-0.3576339	3.2354643	8.013991
	1061028667	-0.117016606	3.0199862	8.130111
	1061028671	-0.50487727	3.565864	8.187572
	1061028684	-0.822109	4.0063972	8.162432
	1061028684	-1.1728595	4.457704	7.873931
	1061028686	-1.3847464	4.6743793	7.451354
	1061028700	-1.0854712	3.6400845	6.476914
	1061028700	-0.964564	3.7945104	6.3703723
	1061028701	-0.8987235	4.1871595	6.223129
	1061028706	-0.9418191	4.5893855	6.060323
	1061028718	-0.9621698	4.9449244	5.8292828
	1061028718	-1.0004771	5.2190604	5.5647235
	1061028721	-0.9681553	5.4105964	5.3061495
	1061028736	-0.9585785	5.51235	5.048773
	1061028736	-0.87119013	5.499182	4.8500543
	1061028736	-0.72873515	5.427356	4.75668
	1061028751	-0.5288193	5.3279967	4.607043
	1061028752	-0.28700492	5.1328692	4.5040917
	1061028752	-0.03561375	4.930559	4.5435963
	1061028755	0.25887305	4.707898	4.654927
	1061028768	0.54019177	4.359542	4.777031
	1061028769	0.8442554	4.0830116	5.024831
	1061028770	1.112406	3.80289	5.301361
	1061028783	1.361403	3.5191772	5.632958
	1061028783	1.4990696	3.3228526	6.1129956
	1061028785	1.5816694	3.2007484	6.51163
	1061028790	1.5936406	3.1768064	7.0982094
	1061028799	1.5409681	3.1229367	7.4908586
	1061028800	1.4404116	3.2462382	7.8571715
	1061028807	1.2644378	3.3755252	8.26658
	1061028818	1.0034698	3.5598786	8.509591
	1061028819	0.81672204	3.7574003	8.634089
	1061028820	0.5210382	4.012383	8.705916
	1061028833	0.22655134	4.2853217	8.70831
	1061028833	0.008678981	4.53791	8.585009
	1061028834	-0.21398178	4.770148	8.519168
	1061028839	-0.29658175	4.929362	8.282143
	1061028849	-0.28939912	5.0215387	8.028357
	1061028849	-0.33608606	5.0909705	7.6704235
	1061028854	-0.46417585	5.098153	7.5004354
	1061028866	-0.42108023	5.0574517	7.463325
	1061028866	-0.23193829	4.8168344	7.4046674
	1061028869	-0.19243397	4.5750203	7.417835
	1061028885	-0.17328034	4.403835	7.4405804
	1061028886	-0.1038485	4.3032784	7.4776907
	1061028886	-0.07631518	4.332009	7.623737
	1061028889	-0.28700492	4.431368	7.768586
	1061028902	-0.49530047	4.621707	7.89907
	1061028903	-0.6844424	4.749797	8.006809
	1061028903	-0.86520463	4.9509096	7.9912467
	1061028919	-1.0292075	5.202301	7.873931
	1061028919	-1.1956044	5.4357357	7.767389
	1061028919	-1.3823522	5.682338	7.554305
	1061028923	-1.4661492	5.994782	7.2849574
	1061028933	-1.5726912	6.244976	6.986879
	1061028933	-1.5738883	6.4293294	6.758233
	1061028938	-1.4900913	6.5813613	6.485294
	1061028950	-1.391929	6.624457	6.3739634
	1061028951	-1.273416	6.6220627	6.2530565
	1061028953	-1.1225814	6.5693903	6.3177
	1061028967	-0.9466075	6.4077816	6.3967085
	1061028968	-0.85562783	6.242582	6.5032506
	1061028970	-0.7790134	6.0618196	6.7654157
	1061028972	-0.63296705	5.8870425	7.057508
	1061028986	-0.51565117	5.7409964	7.4345946
	1061028987	-0.42706573	5.6105123	7.9289975
	1061028987	-0.62339026	5.641637	8.837597
	1061029002	-1.3248913	6.0354834	10.322002
	1061029002	-1.9390041	6.471228	11.452065
	1061029002	-1.984494	6.6555815	11.708245
	1061029018	-2.1377227	6.916549	11.908161
	1061029019	-2.5136125	7.300819	12.280459
	1061029019	-2.647688	7.529465	12.473192
	1061029024	-2.2717981	7.422923	12.1523695
	1061029035	-1.723526	7.128436	11.339538
	1061029035	-1.4003087	6.9740105	10.539874
	1061029037	-1.0076597	6.7836714	9.747394
	1061029050	-0.60423666	6.6208653	9.169194
	1061029051	-0.20201077	6.53228	8.786121
	1061029051	0.1726818	6.425738	8.459313
	1061029056	0.48751932	6.388628	8.27496
	1061029066	0.78320324	6.3251815	8.38629
	1061029066	0.98551327	6.352715	8.421006
	1061029071	1.1495161	6.410176	8.509591
	1061029082	1.1519103	6.541857	8.59698
	1061029083	1.0968436	6.6340337	8.68796
	1061029086	1.0393828	6.5849524	8.766968
	1061029105	1.0836755	6.2629323	8.995614
	1061029105	1.3626001	5.5877676	9.559449
	1061029105	1.6271594	4.9892173	10.140042
	1061029106	1.646313	4.5510783	10.976816
	1061029117	1.5661072	4.3427825	11.909358
	1061029117	1.4607623	4.1548376	13.104064
	1061029120	1.2560581	4.194342	13.903728
	1061029134	0.9412205	4.4732666	14.048577
	1061029134	0.5916671	4.749797	13.683461
	1061029135	0.2971803	4.9964	12.971187
	1061029151	0.11522096	5.1244893	11.951257
	1061029151	-0.07152677	5.2214546	10.88464
	1061029151	-0.118213706	5.19033	9.989208
	1061029155	-0.16250645	5.0634375	9.389461
	1061029168	-0.097862996	4.9473186	9.060258
	1061029168	-0.017657237	4.871901	8.950125
	1061029170	0.008678981	4.889858	9.063849
	1061029185	0.043394905	4.865916	9.150041
	1061029185	0.0350152	4.7210665	9.291298
	1061029186	-0.029628245	4.6971245	9.290101
	1061029190	-0.027234044	4.588188	9.264962
	1061029201	-0.04878186	4.510377	9.235035
	1061029202	-0.0068833297	4.439748	9.420585
	1061029204	-0.07392098	4.3774986	9.539098
	1061029220	-0.16849194	4.302081	9.668385
	1061029220	-0.2439093	4.1763854	9.6923275
	1061029220	-0.33129767	4.063858	9.658808
	1061029233	-0.5228338	4.13329	9.559449
	1061029233	-0.703596	4.2565913	9.270947
	1061029234	-0.9059061	4.420594	9.086594
	1061029249	-1.0651205	4.501997	8.744224
	1061029249	-1.2518682	4.5438957	8.488044
	1061029249	-1.3021464	4.5869913	8.239047
	1061029254	-1.3356652	4.6013565	8.090606
	1061029266	-1.3967174	4.642058	7.873931
	1061029266	-1.4589666	4.6887445	7.629722
	1061029269	-1.616984	4.7677536	7.2909427
	1061029286	-1.7067665	4.7533884	6.806117
	1061029287	-1.7534535	4.728249	6.567894
	1061029287	-1.8480245	4.695927	6.271013
	1061029288	-1.865981	4.707898	6.043564
	1061029301	-1.8911201	4.717475	5.787384
	1061029301	-1.9653404	4.6528316	5.502474
	1061029303	-2.0108302	4.701913	5.2642508
	1061029319	-2.044349	4.7593737	5.1409497
	1061029319	-1.9952679	4.776133	4.992509
	1061029320	-1.807323	4.713884	4.9901147
	1061029323	-1.6038159	4.6133275	4.988918
	1061029335	-1.3739725	4.486435	5.060744
	1061029335	-1.2075754	4.444536	5.1050367
	1061029338	-1.1561002	4.466084	5.271434
	1061029350	-1.2446856	4.4912233	5.3743844
	1061029350	-1.3153145	4.570232	5.4701524
	1061029353	-1.379958	4.5989623	5.4282537
	1061029368	-1.4110826	4.5391073	5.489306
	1061029368	-1.3620015	4.490026	5.692813
	1061029368	-1.3129203	4.478055	5.9861026
	1061029372	-1.3715783	4.528333	6.2781954
	1061029385	-1.3811551	4.5295305	6.571485
	1061029385	-1.7175405	4.4624925	6.666056
	1061029387	-1.3823522	4.397849	6.330868
	1061029400	-0.7909844	4.3056726	6.238691
	1061029400	-0.5240309	4.349965	6.583456
	1061029404	-0.3672107	4.419397	7.1233487
	1061029407	-0.5000889	4.536713	7.683592
	1061029418	-0.6856395	4.6671968	8.048708
	1061029418	-0.85682493	4.6636057	7.9876556
	1061029422	-0.8125322	4.6276927	7.792528
	1061029434	-0.7766192	4.689942	7.7590094
	1061029435	-0.7945757	4.7557826	7.993641
	1061029437	-0.8843582	4.877887	8.418612
	1061029463	-0.9681553	5.0371013	8.710705
	1061029463	-1.1153988	5.202301	8.922591
	1061029468	-1.1704654	5.3495445	8.951322
	1061029468	-1.1704654	5.4093995	8.92738
	1061029468	-1.2590508	5.43813	9.048286
	1061029468	-1.3260884	5.460875	9.086594
	1061029471	-1.4434043	5.630863	8.907029
	1061029491	-1.4661492	5.6751556	8.777742
	1061029492	-1.3751696	5.678747	8.539519
	1061029492	-1.3177087	5.6751556	8.471284
	1061029492	-1.2782044	5.6727614	8.071452
	1061029504	-1.2315176	5.7421937	7.5255747
	1061029504	-1.1692683	5.7852893	7.361572
	1061029506	-1.0088568	5.8140197	7.29214
	1061029519	-0.85921913	5.87986	7.2610154
	1061029519	-0.774225	5.9660516	7.2023573
	1061029520	-0.84724814	6.019921	7.3029137
	1061029532	-0.9250597	5.995979	7.498041
	1061029532	-0.952593	5.956475	7.711125
	1061029535	-0.9118916	5.982811	7.8547773
	1061029540	-0.87119013	5.9780226	8.100183
	1061029549	-0.84365684	6.0833673	8.280945
	1061029550	-0.8999206	6.139631	8.541913
	1061029555	-0.904709	6.2377934	8.711902
	1061029566	-0.9513959	6.2641296	9.066243
	1061029567	-1.0208278	6.368277	9.266159
	1061029570	-1.0806828	6.398205	9.552266
	1061029587	-1.035193	6.444892	9.777321
	1061029588	-1.129764	6.4975643	9.972448
	1061029588	-1.2817957	6.5262947	10.062231
	1061029589	-1.5331869	6.6579757	9.993997
	1061029601	-1.7917607	6.7980366	9.911396
	1061029601	-1.9449896	6.900987	9.906608
	1061029604	-1.9880853	6.9596453	9.766547
	1061029616	-1.795352	6.8471174	9.507974
	1061029616	-1.7366941	6.7178307	9.414599
	1061029621	-2.1963809	6.8914104	9.444528
	1061029633	-2.4322097	6.9656305	8.86513
	1061029633	-2.2442648	6.9321117	8.66282
	1061029634	-1.9797056	6.662764	8.729858
	1061029639	-1.8145056	6.400599	9.140464
	1061029652	-1.6397289	6.2282166	9.673173
	1061029652	-1.4218565	6.0271034	10.295666
	1061029654	-1.272219	5.8499327	10.979211
	1061029669	-1.0483611	5.7170544	11.654375
	1061029669	-0.9178771	5.5518546	12.18948
	1061029670	-0.8029554	5.357924	12.639589
	1061029684	-0.71436995	5.204695	12.79641
	1061029685	-0.71317285	5.1053357	12.856264
	1061029685	-0.75746554	5.0011883	12.719795
	1061029688	-0.7969699	4.928165	12.351088
	1061029700	-0.84485394	4.9090114	11.762115
	1061029701	-0.9513959	4.821623	11.116877
	1061029703	-1.0399814	4.7785273	10.525509
	1061029718	-1.1165959	4.7833157	9.768942
	1061029718	-1.1213843	4.6947303	9.120112
	1061029719	-1.0363901	4.61213	8.1720085
	1061029723	-1.083077	4.5989623	7.2286935
	1061029733	-1.117793	4.630087	6.6492968
	1061029733	-1.1848305	4.6312838	6.281787
	1061029738	-1.2087725	4.62051	6.281787
	1061029749	-1.1991957	4.549881	6.663662
	1061029749	-1.2913725	4.4253826	7.2227077
	1061029752	-1.3177087	4.3786955	7.792528
	1061029765	-1.3440449	4.272154	8.297705
	1061029765	-1.2985551	4.195539	8.680777
	1061029767	-1.3236942	4.206313	9.017162
	1061029772	-1.309329	4.2530003	9.378687
	1061029781	-1.3667899	4.2577887	9.60853
	1061029784	-1.3248913	4.266168	9.689933
	1061029787	-1.3655928	4.1871595	9.656414
	1061029804	-1.3608044	4.1991305	9.575011
	1061029805	-1.2985551	4.275745	9.2494
	1061029805	-1.2530653	4.361936	8.902241
	1061029807	-1.0770915	4.4241853	8.401853
	1061029818	-0.9501988	4.522348	7.85358
	1061029818	-0.8771756	4.5654435	7.3364325
	1061029821	-0.6808511	4.576217	6.8707604
	1061029834	-0.60303956	4.607342	6.487688
	1061029834	-0.50607437	4.6025534	6.241085
	1061029838	-0.5515642	4.7031097	6.1501055
	1061029851	-0.5240309	4.7713447	6.180033
	1061029851	-0.5216367	4.858733	6.3368535
	1061029852	-0.4103063	4.865916	6.4817023
	1061029856	-0.3660136	4.904223	6.529587
	1061029866	-0.33010057	4.906617	6.5631056
	1061029866	-0.252289	4.8970404	6.6325374
